#Layer_Color=32768
#
#Feature symbol names
#
$0 r10
$1 r3.937
$2 r1.9685
$3 r7.874

#
#Feature attribute names
#

#
#Layer features
#
A 2.4355178 2.365 2.4355178 2.365 2.23 2.365 0 P 0 N
L 1.1175197 2.6525984 1.1175197 2.7274016 2 P 0
L 1.1175197 2.6525984 1.251378 2.6525984 2 P 0
L 1.1175197 2.7274016 1.251378 2.7274016 2 P 0
L 1.15933 1.120078 1.15933 1.375984 3 P 0
L 1.15933 1.120078 1.434922 1.120078 3 P 0
L 1.15933 1.375984 1.419174 1.375984 3 P 0
L 1.15933 1.660078 1.15933 1.915984 3 P 0
L 1.15933 1.660078 1.434922 1.660078 3 P 0
L 1.15933 1.915984 1.419174 1.915984 3 P 0
L 1.15933 2.270078 1.15933 2.525984 3 P 0
L 1.15933 2.270078 1.434922 2.270078 3 P 0
L 1.15933 2.525984 1.419174 2.525984 3 P 0
L 1.159331 1.3900787 1.159331 1.6459843 3 P 0
L 1.159331 1.3900787 1.4349216 1.3900787 3 P 0
L 1.159331 1.6459843 1.4191735 1.6459843 3 P 0
L 1.1647638 2.69 1.2041339 2.69 1 P 0
L 1.1844488 2.670315 1.1844488 2.709685 1 P 0
L 1.251378 2.6525984 1.251378 2.7274016 2 P 0
L 1.272598 2.111574 1.272598 2.245434 2 P 0
L 1.272598 2.111574 1.347402 2.111574 2 P 0
L 1.272598 2.245434 1.347402 2.245434 2 P 0
L 1.2853153 1.52 1.3246853 1.52 3 P 0
L 1.285316 1.25 1.324686 1.25 3 P 0
L 1.285316 1.79 1.324686 1.79 3 P 0
L 1.285316 2.4 1.324686 2.4 3 P 0
L 1.290316 2.178504 1.329686 2.178504 1 P 0
L 1.305 1.230316 1.305 1.269686 3 P 0
L 1.305 1.770316 1.305 1.809686 3 P 0
L 1.305 2.380316 1.305 2.419686 3 P 0
L 1.3050003 1.500315 1.3050003 1.539685 3 P 0
L 1.31 2.158818 1.31 2.19819 1 P 0
L 1.3430708 1.6125984 1.3430708 1.6874016 2 P 0
L 1.3430708 1.6125984 1.4769291 1.6125984 2 P 0
L 1.3430708 1.6874016 1.4769291 1.6874016 2 P 0
L 1.347402 2.111574 1.347402 2.245434 2 P 0
L 1.3784252 1.2457874 1.3784252 1.5942126 2 P 0
L 1.3784252 1.2457874 1.6815748 1.2457874 2 P 0
L 1.3784252 1.5942126 1.6815748 1.5942126 2 P 0
L 1.3903149 1.65 1.429685 1.65 1 P 0
L 1.41 1.630315 1.41 1.669685 1 P 0
L 1.4125985 1.7430708 1.4125985 1.8769291 2 P 0
L 1.4125985 1.7430708 1.4874016 1.7430708 2 P 0
L 1.4125985 1.8769291 1.4874016 1.8769291 2 P 0
L 1.4191735 1.6459843 1.4506696 1.6459843 3 P 0
L 1.419174 1.375984 1.45067 1.375984 3 P 0
L 1.419174 1.915984 1.45067 1.915984 3 P 0
L 1.419174 2.525984 1.45067 2.525984 3 P 0
L 1.430315 1.81 1.4696851 1.81 1 P 0
L 1.4349216 1.3900787 1.4506696 1.3900787 3 P 0
L 1.434922 1.120078 1.45067 1.120078 3 P 0
L 1.434922 1.660078 1.45067 1.660078 3 P 0
L 1.434922 2.270078 1.45067 2.270078 3 P 0
L 1.4425984 1.5675197 1.4425984 1.701378 2 P 0
L 1.4425984 1.5675197 1.5174016 1.5675197 2 P 0
L 1.4425984 1.701378 1.5174016 1.701378 2 P 0
L 1.45 1.7903149 1.45 1.829685 1 P 0
L 1.4506696 1.3900787 1.4506696 1.6459843 3 P 0
L 1.45067 1.120078 1.45067 1.375984 3 P 0
L 1.45067 1.660078 1.45067 1.915984 3 P 0
L 1.45067 2.270078 1.45067 2.525984 3 P 0
L 1.460315 1.6344488 1.499685 1.6344488 1 P 0
L 1.4769291 1.6125984 1.4769291 1.6874016 2 P 0
L 1.48 1.6147638 1.48 1.6541339 1 P 0
L 1.4874016 1.7430708 1.4874016 1.8769291 2 P 0
L 1.5063386 1.5891339 1.5063386 1.7308662 2 P 0
L 1.5063386 1.5891339 1.6736615 1.5891339 2 P 0
L 1.5063386 1.7308662 1.6736615 1.7308662 2 P 0
L 1.5103149 1.42 1.549685 1.42 1 P 0
L 1.5174016 1.5675197 1.5174016 1.701378 2 P 0
L 1.53 1.400315 1.53 1.439685 1 P 0
L 1.540394 2.239606 1.540394 2.440394 2 P 0
L 1.540394 2.239606 1.823858 2.239606 2 P 0
L 1.540394 2.440394 1.823858 2.440394 2 P 0
L 1.570315 1.66 1.6096851 1.66 1 P 0
L 1.59 1.640315 1.59 1.6796851 1 P 0
L 1.603544 2.461692 1.603544 2.548308 2 P 0
L 1.603544 2.461692 1.780708 2.461692 2 P 0
L 1.603544 2.548308 1.780708 2.548308 2 P 0
L 1.662442 2.34 1.701812 2.34 1 P 0
L 1.672442 2.505 1.711812 2.505 1 P 0
L 1.6736615 1.5891339 1.6736615 1.7308662 2 P 0
L 1.6815748 1.2457874 1.6815748 1.5942126 2 P 0
L 1.682126 2.320316 1.682126 2.359686 1 P 0
L 1.6824803 1.4947244 1.6824803 1.5852756 2 P 0
L 1.6824803 1.4947244 1.8675197 1.4947244 2 P 0
L 1.6824803 1.5852756 1.8675197 1.5852756 2 P 0
L 1.6825984 1.6515748 1.6825984 1.7854331 2 P 0
L 1.6825984 1.6515748 1.7574015 1.6515748 2 P 0
L 1.6825984 1.7854331 1.7574015 1.7854331 2 P 0
L 1.692126 2.485314 1.692126 2.524686 1 P 0
L 1.7003149 1.7185039 1.739685 1.7185039 1 P 0
L 1.72 1.6988189 1.72 1.738189 1 P 0
L 1.7553149 1.54 1.794685 1.54 1 P 0
L 1.7574015 1.6515748 1.7574015 1.7854331 2 P 0
L 1.7747244 1.2874803 1.7747244 1.4725197 2 P 0
L 1.7747244 1.2874803 1.8652756 1.2874803 2 P 0
L 1.7747244 1.4725197 1.8652756 1.4725197 2 P 0
L 1.775 1.520315 1.775 1.5596851 1 P 0
L 1.780708 2.461692 1.780708 2.548308 2 P 0
L 1.796692 1.791418 1.796692 1.968582 2 P 0
L 1.796692 1.791418 1.883308 1.791418 2 P 0
L 1.796692 1.968582 1.883308 1.968582 2 P 0
L 1.8003149 1.38 1.839685 1.38 1 P 0
L 1.8074803 1.5992224 1.8074803 1.6897736 2 P 0
L 1.8074803 1.5992224 1.9925197 1.5992224 2 P 0
L 1.8074803 1.6897736 1.9925197 1.6897736 2 P 0
L 1.82 1.3603149 1.82 1.399685 1 P 0
L 1.820316 1.88 1.859686 1.88 1 P 0
L 1.823858 2.239606 1.823858 2.440394 2 P 0
L 1.839724 2.39307 1.839724 2.52693 2 P 0
L 1.839724 2.39307 1.914528 2.39307 2 P 0
L 1.839724 2.52693 1.914528 2.52693 2 P 0
L 1.84 1.860316 1.84 1.899686 1 P 0
L 1.856692 2.166418 1.856692 2.343582 2 P 0
L 1.856692 2.166418 1.943308 2.166418 2 P 0
L 1.856692 2.343582 1.943308 2.343582 2 P 0
L 1.85744 2.46 1.896812 2.46 1 P 0
L 1.86 1.015 1.86 1.115 3 P 0
L 1.86 1.015 2.13 1.015 3 P 0
L 1.86 1.115 1.86 1.295 3 P 0
L 1.86 1.295 2.22 1.295 3 P 0
L 1.8652756 1.2874803 1.8652756 1.4725197 2 P 0
L 1.8675197 1.4947244 1.8675197 1.5852756 2 P 0
L 1.877126 2.440314 1.877126 2.479686 1 P 0
L 1.880314 2.255 1.919686 2.255 1 P 0
L 1.8803149 1.644498 1.919685 1.644498 1 P 0
L 1.883308 1.791418 1.883308 1.968582 2 P 0
L 1.9 1.624813 1.9 1.6641831 1 P 0
L 1.9 2.235316 1.9 2.274686 1 P 0
L 1.9047244 1.7974803 1.9047244 1.9825197 2 P 0
L 1.9047244 1.7974803 1.9952756 1.7974803 2 P 0
L 1.9047244 1.9825197 1.9952756 1.9825197 2 P 0
L 1.914528 2.39307 1.914528 2.52693 2 P 0
L 1.924724 1.28748 1.924724 1.47252 2 P 0
L 1.924724 1.28748 2.015276 1.28748 2 P 0
L 1.924724 1.47252 2.015276 1.47252 2 P 0
L 1.9303149 1.89 1.969685 1.89 1 P 0
L 1.943308 2.166418 1.943308 2.343582 2 P 0
L 1.95 1.8703149 1.95 1.909685 1 P 0
L 1.950314 1.38 1.989686 1.38 1 P 0
L 1.95307 1.857598 1.95307 1.932402 2 P 0
L 1.95307 1.857598 2.08693 1.857598 2 P 0
L 1.95307 1.932402 2.08693 1.932402 2 P 0
L 1.97 1.360316 1.97 1.399686 1 P 0
L 1.9925197 1.5992224 1.9925197 1.6897736 2 P 0
L 1.992598 1.70307 1.992598 1.83693 2 P 0
L 1.992598 1.70307 2.067402 1.70307 2 P 0
L 1.992598 1.83693 2.067402 1.83693 2 P 0
L 1.9952756 1.7974803 1.9952756 1.9825197 2 P 0
L 2.000316 1.895 2.039686 1.895 1 P 0
L 2.010316 1.77 2.049686 1.77 1 P 0
L 2.015276 1.28748 2.015276 1.47252 2 P 0
L 2.02 1.155 2.06 1.155 3 P 0
L 2.02 1.875314 2.02 1.914686 1 P 0
L 2.03 1.750316 2.03 1.789686 1 P 0
L 2.04 1.135 2.04 1.175 3 P 0
L 2.067402 1.70307 2.067402 1.83693 2 P 0
L 2.084724 1.28748 2.084724 1.47252 2 P 0
L 2.084724 1.28748 2.175276 1.28748 2 P 0
L 2.084724 1.47252 2.175276 1.47252 2 P 0
L 2.08693 1.857598 2.08693 1.932402 2 P 0
L 2.09122 1.765472 2.09122 1.824528 2 P 0
L 2.09122 1.765472 2.11878 1.765472 2 P 0
L 2.09122 1.824528 2.11878 1.824528 2 P 0
L 2.098504 1.795 2.111496 1.795 1 P 0
L 2.105 1.788504 2.105 1.801496 1 P 0
L 2.110314 1.38 2.149686 1.38 1 P 0
L 2.11878 1.765472 2.11878 1.824528 2 P 0
L 2.12933 1.737914 2.12933 2.102086 2 P 0
L 2.12933 1.737914 2.42067 1.737914 2 P 0
L 2.12933 2.102086 2.42067 2.102086 2 P 0
L 2.13 1.015 2.22 1.015 3 P 0
L 2.13 1.360316 2.13 1.399686 1 P 0
L 2.175276 1.28748 2.175276 1.47252 2 P 0
L 2.17878 0.720078 2.17878 1.62559 3 P 0
L 2.17878 0.720078 2.65122 0.720078 3 P 0
L 2.17878 1.62559 2.65122 1.62559 3 P 0
L 2.210316 2.365 2.249686 2.365 3 P 0
L 2.22 1.015 2.22 1.295 3 P 0
L 2.23 2.345316 2.23 2.384686 3 P 0
L 2.255314 1.92 2.294686 1.92 1 P 0
L 2.275 1.900316 2.275 1.939686 1 P 0
L 2.37563 1.35 2.45437 1.35 3 P 0
L 2.3768504 1.6417323 2.3768504 1.8582677 2 P 0
L 2.3768504 1.6417323 2.672126 1.6417323 2 P 0
L 2.3768504 1.8582677 2.672126 1.8582677 2 P 0
L 2.415 1.31063 2.415 1.38937 3 P 0
L 2.42067 1.737914 2.42067 2.102086 2 P 0
L 2.42307 2.222598 2.42307 2.297402 2 P 0
L 2.42307 2.222598 2.55693 2.222598 2 P 0
L 2.42307 2.297402 2.55693 2.297402 2 P 0
L 2.437598 2.059566 2.437598 2.193426 2 P 0
L 2.437598 2.059566 2.512402 2.059566 2 P 0
L 2.437598 2.193426 2.512402 2.193426 2 P 0
L 2.455314 2.126496 2.494686 2.126496 1 P 0
L 2.470314 2.26 2.509686 2.26 1 P 0
L 2.475 2.106812 2.475 2.146182 1 P 0
L 2.49 2.240316 2.49 2.279686 1 P 0
L 2.5048031 1.75 2.5441732 1.75 1 P 0
L 2.512402 2.059566 2.512402 2.193426 2 P 0
L 2.5244882 1.730315 2.5244882 1.769685 1 P 0
L 2.55693 2.222598 2.55693 2.297402 2 P 0
L 2.62811 1.772638 2.62811 1.977362 2 P 0
L 2.62811 1.772638 2.89189 1.772638 2 P 0
L 2.62811 1.977362 2.89189 1.977362 2 P 0
L 2.636418 1.661692 2.636418 1.748308 2 P 0
L 2.636418 1.661692 2.813582 1.661692 2 P 0
L 2.636418 1.748308 2.813582 1.748308 2 P 0
L 2.65122 0.720078 2.65122 1.62559 3 P 0
L 2.661812 2.324448 2.661812 2.505552 2 P 0
L 2.661812 2.324448 2.88819 2.324448 2 P 0
L 2.661812 2.505552 2.88819 2.505552 2 P 0
L 2.67 1.02 2.67 1.3 3 P 0
L 2.67 1.02 2.76 1.02 3 P 0
L 2.67 1.3 2.93 1.3 3 P 0
L 2.672126 1.6417323 2.672126 1.8582677 2 P 0
L 2.705316 1.705 2.744686 1.705 1 P 0
L 2.725 1.685314 2.725 1.724686 1 P 0
L 2.731418 1.416692 2.731418 1.503308 2 P 0
L 2.731418 1.416692 2.908582 1.416692 2 P 0
L 2.731418 1.503308 2.908582 1.503308 2 P 0
L 2.740314 1.875 2.779686 1.875 1 P 0
L 2.744724 2.11248 2.744724 2.29752 2 P 0
L 2.744724 2.11248 2.835276 2.11248 2 P 0
L 2.744724 2.29752 2.835276 2.29752 2 P 0
L 2.755316 2.415 2.794686 2.415 1 P 0
L 2.76 1.02 2.93 1.02 3 P 0
L 2.76 1.855316 2.76 1.894686 1 P 0
L 2.770314 2.205 2.809686 2.205 1 P 0
L 2.775 2.395316 2.775 2.434686 1 P 0
L 2.78 1.16 2.82 1.16 3 P 0
L 2.79 2.185316 2.79 2.224686 1 P 0
L 2.8 1.14 2.8 1.18 3 P 0
L 2.800316 1.46 2.839686 1.46 1 P 0
L 2.813582 1.661692 2.813582 1.748308 2 P 0
L 2.82 1.440314 2.82 1.479686 1 P 0
L 2.835276 2.11248 2.835276 2.29752 2 P 0
L 2.88819 2.324448 2.88819 2.505552 2 P 0
L 2.89189 1.772638 2.89189 1.977362 2 P 0
L 2.907598 1.92307 2.907598 2.05693 2 P 0
L 2.907598 1.92307 2.982402 1.92307 2 P 0
L 2.907598 2.05693 2.982402 2.05693 2 P 0
L 2.908582 1.416692 2.908582 1.503308 2 P 0
L 2.910354 2.134094 2.910354 2.645906 3 P 0
L 2.910354 2.134094 3.48122 2.134094 3 P 0
L 2.910354 2.645906 3.48122 2.645906 3 P 0
L 2.912598 1.73307 2.912598 1.86693 2 P 0
L 2.912598 1.73307 2.987402 1.73307 2 P 0
L 2.912598 1.86693 2.987402 1.86693 2 P 0
L 2.917008 1.40685 2.917008 1.51315 2 P 0
L 2.917008 1.40685 3.042992 1.40685 2 P 0
L 2.917008 1.51315 3.042992 1.51315 2 P 0
L 2.925316 1.99 2.964686 1.99 1 P 0
L 2.93 1.02 2.93 1.12 3 P 0
L 2.93 1.12 2.93 1.3 3 P 0
L 2.930314 1.8 2.969686 1.8 1 P 0
L 2.945 1.970316 2.945 2.009686 1 P 0
L 2.95 1.780314 2.95 1.819686 1 P 0
L 2.960316 1.46 2.999686 1.46 1 P 0
L 2.98 1.440314 2.98 1.479686 1 P 0
L 2.982402 1.92307 2.982402 2.05693 2 P 0
L 2.987402 1.73307 2.987402 1.86693 2 P 0
L 3.0125984 1.9030708 3.0125984 2.0369291 2 P 0
L 3.0125984 1.9030708 3.0874015 1.9030708 2 P 0
L 3.0125984 2.0369291 3.0874015 2.0369291 2 P 0
L 3.0303149 1.97 3.069685 1.97 1 P 0
L 3.042992 1.40685 3.042992 1.51315 2 P 0
L 3.046692 1.191418 3.046692 1.368582 2 P 0
L 3.046692 1.191418 3.133308 1.191418 2 P 0
L 3.046692 1.368582 3.133308 1.368582 2 P 0
L 3.05 1.9503149 3.05 1.989685 1 P 0
L 3.070314 1.28 3.109686 1.28 1 P 0
L 3.07567 1.482402 3.07567 1.907598 2 P 0
L 3.07567 1.482402 3.53433 1.482402 2 P 0
L 3.07567 1.907598 3.53433 1.907598 2 P 0
L 3.0874015 1.9030708 3.0874015 2.0369291 2 P 0
L 3.09 1.260316 3.09 1.299686 1 P 0
L 3.133308 1.191418 3.133308 1.368582 2 P 0
L 3.22 2.39 3.27 2.39 3 P 0
L 3.245 2.365 3.245 2.415 3 P 0
L 3.285314 1.695 3.324686 1.695 1 P 0
L 3.305 1.675316 3.305 1.714686 1 P 0
L 3.4625984 1.8930708 3.4625984 2.0269291 2 P 0
L 3.4625984 1.8930708 3.5374015 1.8930708 2 P 0
L 3.4625984 2.0269291 3.5374015 2.0269291 2 P 0
L 3.4803149 1.96 3.519685 1.96 1 P 0
L 3.48122 2.134094 3.48122 2.645906 3 P 0
L 3.486812 2.429448 3.486812 2.610552 2 P 0
L 3.486812 2.429448 3.71319 2.429448 2 P 0
L 3.486812 2.610552 3.71319 2.610552 2 P 0
L 3.5 1.9403149 3.5 1.979685 1 P 0
L 3.522834 2.121142 3.522834 2.388858 2 P 0
L 3.522834 2.121142 3.877166 2.121142 2 P 0
L 3.522834 2.388858 3.877166 2.388858 2 P 0
L 3.53433 1.482402 3.53433 1.907598 2 P 0
L 3.5374015 1.8930708 3.5374015 2.0269291 2 P 0
L 3.551692 1.346418 3.551692 1.523582 2 P 0
L 3.551692 1.346418 3.638308 1.346418 2 P 0
L 3.551692 1.523582 3.638308 1.523582 2 P 0
L 3.575316 1.435 3.614686 1.435 1 P 0
L 3.577008 1.86185 3.577008 1.96815 2 P 0
L 3.577008 1.86185 3.702992 1.86185 2 P 0
L 3.577008 1.96815 3.702992 1.96815 2 P 0
L 3.580316 2.52 3.619686 2.52 1 P 0
L 3.595 1.415316 3.595 1.454686 1 P 0
L 3.6 2.500316 3.6 2.539686 1 P 0
L 3.620316 1.915 3.659686 1.915 1 P 0
L 3.638308 1.346418 3.638308 1.523582 2 P 0
L 3.64 1.895314 3.64 1.934686 1 P 0
L 3.661418 1.206692 3.661418 1.293308 2 P 0
L 3.661418 1.206692 3.838582 1.206692 2 P 0
L 3.661418 1.293308 3.838582 1.293308 2 P 0
L 3.680316 2.255 3.719686 2.255 1 P 0
L 3.7 2.235316 3.7 2.274686 1 P 0
L 3.702992 1.86185 3.702992 1.96815 2 P 0
L 3.71319 2.429448 3.71319 2.610552 2 P 0
L 3.730316 1.25 3.769686 1.25 1 P 0
L 3.75 1.230314 3.75 1.269686 1 P 0
L 3.754724 2.41248 3.754724 2.59752 2 P 0
L 3.754724 2.41248 3.845276 2.41248 2 P 0
L 3.754724 2.59752 3.845276 2.59752 2 P 0
L 3.780316 2.505 3.819686 2.505 1 P 0
L 3.8 2.485314 3.8 2.524686 1 P 0
L 3.838582 1.206692 3.838582 1.293308 2 P 0
L 3.8430708 1.8105413 3.8430708 1.8853444 2 P 0
L 3.8430708 1.8105413 3.9769291 1.8105413 2 P 0
L 3.8430708 1.8853444 3.9769291 1.8853444 2 P 0
L 3.845276 2.41248 3.845276 2.59752 2 P 0
L 3.8511024 1.9150393 3.8511024 2.0449606 2 P 0
L 3.8511024 1.9150393 3.9888977 1.9150393 2 P 0
L 3.8511024 2.0449606 3.9888977 2.0449606 2 P 0
L 3.877166 2.121142 3.877166 2.388858 2 P 0
L 3.8903149 1.8479428 3.929685 1.8479428 1 P 0
L 3.900315 1.98 3.9396851 1.98 1 P 0
L 3.91 1.8282578 3.91 1.8676279 1 P 0
L 3.9126006 1.5166929 3.9126006 1.6033071 2 P 0
L 3.9126006 1.5166929 4.089766 1.5166929 2 P 0
L 3.9126006 1.6033071 4.089766 1.6033071 2 P 0
L 3.92 1.9603149 3.92 1.999685 1 P 0
L 3.9769291 1.8105413 3.9769291 1.8853444 2 P 0
L 3.9814983 1.56 4.0208683 1.56 1 P 0
L 3.9888977 1.9150393 3.9888977 2.0449606 2 P 0
L 4.0011833 1.5403149 4.0011833 1.579685 1 P 0
L 4.022086 1.680158 4.022086 2.199842 2 P 0
L 4.022086 1.680158 5.604764 1.680158 2 P 0
L 4.022086 2.199842 5.604764 2.199842 2 P 0
L 4.089766 1.5166929 4.089766 1.6033071 2 P 0
L 4.1114173 1.3366929 4.1114173 1.4233071 2 P 0
L 4.1114173 1.3366929 4.2885827 1.3366929 2 P 0
L 4.1114173 1.4233071 4.2885827 1.4233071 2 P 0
L 4.111418 2.226692 4.111418 2.313308 2 P 0
L 4.111418 2.226692 4.288582 2.226692 2 P 0
L 4.111418 2.313308 4.288582 2.313308 2 P 0
L 4.180315 1.38 4.219685 1.38 1 P 0
L 4.180316 2.27 4.219686 2.27 1 P 0
L 4.2 1.3603149 4.2 1.399685 1 P 0
L 4.2 2.250316 4.2 2.289686 1 P 0
L 4.288582 2.226692 4.288582 2.313308 2 P 0
L 4.2885827 1.3366929 4.2885827 1.4233071 2 P 0
L 4.672086 2.242086 4.672086 2.627914 2 P 0
L 4.672086 2.242086 5.648464 2.242086 2 P 0
L 4.672086 2.627914 5.648464 2.627914 2 P 0
L 4.820316 1.94 4.859686 1.94 1 P 0
L 4.84 1.920316 4.84 1.959686 1 P 0
L 5.14059 2.435 5.17996 2.435 2 P 0
L 5.160276 2.415316 5.160276 2.454686 2 P 0
L 5.604764 1.680158 5.604764 2.199842 2 P 0
L 5.648464 2.242086 5.648464 2.627914 2 P 0
L 5.806102 2.087756 5.806102 2.682244 3 P 0
L 5.806102 2.087756 6.290354 2.087756 3 P 0
L 5.806102 2.682244 6.290354 2.682244 3 P 0
L 5.811102 1.437756 5.811102 2.032244 3 P 0
L 5.811102 1.437756 6.295354 1.437756 3 P 0
L 5.811102 2.032244 6.295354 2.032244 3 P 0
L 6.105316 2.385 6.144686 2.385 3 P 0
L 6.110316 1.735 6.149686 1.735 3 P 0
L 6.125 2.365316 6.125 2.404686 3 P 0
L 6.13 1.715316 6.13 1.754686 3 P 0
L 6.290354 2.087756 6.290354 2.682244 3 P 0
L 6.295354 1.437756 6.295354 2.032244 3 P 0
