#Layer_Color=16711935
#
#Feature symbol names
#
$0 r3.937
$1 r7.874
$2 rect37.648x244.882

#
#Feature attribute names
#

#
#Layer features
#
A 1.6585039 2.4029921 1.6585039 2.4029921 1.6388189 2.4029921 0 P 0 N
A 2.2513779 2.0577953 2.2513779 2.0577953 2.2316929 2.0577953 0 P 0 N
A 2.5008661 1.6870079 2.5008661 1.6870079 2.4811811 1.6870079 0 P 0 N
A 2.7363779 1.9379921 2.7363779 1.9379921 2.7166929 1.9379921 0 P 0 N
A 3.2124802 1.8623228 3.2124802 1.8623228 3.1927952 1.8623228 0 P 0 N
L 1.1411417 2.6634252 1.1411417 2.7165748 0 P 0
L 1.1411417 2.6634252 1.2277559 2.6634252 0 P 0
L 1.1411417 2.7165748 1.2277559 2.7165748 0 P 0
L 1.177048 1.140938 1.177048 1.35905 1 P 0
L 1.177048 1.140938 1.432952 1.140938 1 P 0
L 1.177048 1.35905 1.432952 1.35905 1 P 0
L 1.177048 1.680938 1.177048 1.89905 1 P 0
L 1.177048 1.680938 1.432952 1.680938 1 P 0
L 1.177048 1.89905 1.432952 1.89905 1 P 0
L 1.177048 2.290938 1.177048 2.50905 1 P 0
L 1.177048 2.290938 1.432952 2.290938 1 P 0
L 1.177048 2.50905 1.432952 2.50905 1 P 0
L 1.1770488 1.4109379 1.1770488 1.6290499 1 P 0
L 1.1770488 1.4109379 1.4329528 1.4109379 1 P 0
L 1.1770488 1.6290499 1.4329528 1.6290499 1 P 0
L 1.2277559 2.6634252 1.2277559 2.7165748 0 P 0
L 1.282442 2.135196 1.282442 2.221812 0 P 0
L 1.282442 2.135196 1.33756 2.135196 0 P 0
L 1.282442 2.221812 1.33756 2.221812 0 P 0
L 1.33756 2.135196 1.33756 2.221812 0 P 0
L 1.3666929 1.6234252 1.3666929 1.6765748 0 P 0
L 1.3666929 1.6234252 1.4533071 1.6234252 0 P 0
L 1.3666929 1.6765748 1.4533071 1.6765748 0 P 0
L 1.3882677 1.2782677 1.3882677 1.5617323 0 P 0
L 1.3882677 1.2782677 1.6717323 1.2782677 0 P 0
L 1.3882677 1.5617323 1.6717323 1.5617323 0 P 0
L 1.422441 1.7666929 1.422441 1.853307 0 P 0
L 1.422441 1.7666929 1.4775591 1.7666929 0 P 0
L 1.422441 1.853307 1.4775591 1.853307 0 P 0
L 1.432952 1.140938 1.432952 1.35905 1 P 0
L 1.432952 1.680938 1.432952 1.89905 1 P 0
L 1.432952 2.290938 1.432952 2.50905 1 P 0
L 1.4329528 1.4109379 1.4329528 1.6290499 1 P 0
L 1.4533071 1.6234252 1.4533071 1.6765748 0 P 0
L 1.4534252 1.5911417 1.4534252 1.6777559 0 P 0
L 1.4534252 1.5911417 1.5065748 1.5911417 0 P 0
L 1.4534252 1.6777559 1.5065748 1.6777559 0 P 0
L 1.4775591 1.7666929 1.4775591 1.853307 0 P 0
L 1.5065748 1.5911417 1.5065748 1.6777559 0 P 0
L 1.5555512 1.5999607 1.5555512 1.7200394 0 P 0
L 1.5555512 1.5999607 1.6244489 1.5999607 0 P 0
L 1.5555512 1.7200394 1.6244489 1.7200394 0 P 0
L 1.605354 2.243544 1.605354 2.436456 0 P 0
L 1.605354 2.243544 1.758898 2.243544 0 P 0
L 1.605354 2.436456 1.758898 2.436456 0 P 0
L 1.6244489 1.5999607 1.6244489 1.7200394 0 P 0
L 1.62815 2.47252 1.62815 2.53748 0 P 0
L 1.62815 2.47252 1.756102 2.47252 0 P 0
L 1.62815 2.53748 1.756102 2.53748 0 P 0
L 1.6717323 1.2782677 1.6717323 1.5617323 0 P 0
L 1.6924409 1.6751969 1.6924409 1.761811 0 P 0
L 1.6924409 1.6751969 1.747559 1.6751969 0 P 0
L 1.6924409 1.761811 1.747559 1.761811 0 P 0
L 1.7080709 1.504567 1.7080709 1.5754331 0 P 0
L 1.7080709 1.504567 1.8419291 1.504567 0 P 0
L 1.7080709 1.5754331 1.8419291 1.5754331 0 P 0
L 1.747559 1.6751969 1.747559 1.761811 0 P 0
L 1.756102 2.47252 1.756102 2.53748 0 P 0
L 1.758898 2.243544 1.758898 2.436456 0 P 0
L 1.7845669 1.3130709 1.7845669 1.4469291 0 P 0
L 1.7845669 1.3130709 1.855433 1.3130709 0 P 0
L 1.7845669 1.4469291 1.855433 1.4469291 0 P 0
L 1.80752 1.816024 1.80752 1.943976 0 P 0
L 1.80752 1.816024 1.87248 1.816024 0 P 0
L 1.80752 1.943976 1.87248 1.943976 0 P 0
L 1.8330709 1.609065 1.8330709 1.6799311 0 P 0
L 1.8330709 1.609065 1.9669291 1.609065 0 P 0
L 1.8330709 1.6799311 1.9669291 1.6799311 0 P 0
L 1.8419291 1.504567 1.8419291 1.5754331 0 P 0
L 1.849566 2.416692 1.849566 2.503308 0 P 0
L 1.849566 2.416692 1.904686 2.416692 0 P 0
L 1.849566 2.503308 1.904686 2.503308 0 P 0
L 1.855433 1.3130709 1.855433 1.4469291 0 P 0
L 1.86752 2.191024 1.86752 2.318976 0 P 0
L 1.86752 2.191024 1.93248 2.191024 0 P 0
L 1.86752 2.318976 1.93248 2.318976 0 P 0
L 1.87248 1.816024 1.87248 1.943976 0 P 0
L 1.890006 1.0408178 1.890006 1.2691634 1 P 0
L 1.890006 1.0408178 2.190006 1.0408178 1 P 0
L 1.890006 1.2691634 2.190006 1.2691634 1 P 0
L 1.904686 2.416692 1.904686 2.503308 0 P 0
L 1.9145669 1.8230709 1.9145669 1.9569291 0 P 0
L 1.9145669 1.8230709 1.985433 1.8230709 0 P 0
L 1.9145669 1.9569291 1.985433 1.9569291 0 P 0
L 1.93 1.0408178 1.93 1.085 1 P 0
L 1.93 1.085 2.15 1.085 1 P 0
L 1.93248 2.191024 1.93248 2.318976 0 P 0
L 1.934566 1.31307 1.934566 1.44693 0 P 0
L 1.934566 1.31307 2.005434 1.31307 0 P 0
L 1.934566 1.44693 2.005434 1.44693 0 P 0
L 1.9669291 1.609065 1.9669291 1.6799311 0 P 0
L 1.976694 1.86744 1.976694 1.92256 0 P 0
L 1.976694 1.86744 2.063308 1.86744 0 P 0
L 1.976694 1.92256 2.063308 1.92256 0 P 0
L 1.985433 1.8230709 1.985433 1.9569291 0 P 0
L 2.002442 1.726694 2.002442 1.813308 0 P 0
L 2.002442 1.726694 2.05756 1.726694 0 P 0
L 2.002442 1.813308 2.05756 1.813308 0 P 0
L 2.005434 1.31307 2.005434 1.44693 0 P 0
L 2.05756 1.726694 2.05756 1.813308 0 P 0
L 2.063308 1.86744 2.063308 1.92256 0 P 0
L 2.094566 1.31307 2.094566 1.44693 0 P 0
L 2.094566 1.31307 2.165434 1.31307 0 P 0
L 2.094566 1.44693 2.165434 1.44693 0 P 0
L 2.098504 1.782598 2.098504 1.807402 0 P 0
L 2.098504 1.782598 2.111496 1.782598 0 P 0
L 2.098504 1.807402 2.111496 1.807402 0 P 0
L 2.111496 1.782598 2.111496 1.807402 0 P 0
L 2.15 1.0408178 2.15 1.085 1 P 0
L 2.165434 1.31307 2.165434 1.44693 0 P 0
L 2.190006 1.0408178 2.190006 1.2691634 1 P 0
L 2.19626 1.747756 2.19626 2.092244 0 P 0
L 2.19626 1.747756 2.35374 1.747756 0 P 0
L 2.19626 2.092244 2.35374 2.092244 0 P 0
L 2.35374 1.747756 2.35374 2.092244 0 P 0
L 2.445748 1.6515748 2.445748 1.8484252 0 P 0
L 2.445748 1.6515748 2.6032283 1.6515748 0 P 0
L 2.445748 1.8484252 2.6032283 1.8484252 0 P 0
L 2.446692 2.232442 2.446692 2.28756 0 P 0
L 2.446692 2.232442 2.533308 2.232442 0 P 0
L 2.446692 2.28756 2.533308 2.28756 0 P 0
L 2.44744 2.08319 2.44744 2.169804 0 P 0
L 2.44744 2.08319 2.50256 2.08319 0 P 0
L 2.44744 2.169804 2.50256 2.169804 0 P 0
L 2.50256 2.08319 2.50256 2.169804 0 P 0
L 2.533308 2.232442 2.533308 2.28756 0 P 0
L 2.6032283 1.6515748 2.6032283 1.8484252 0 P 0
L 2.661024 1.67252 2.661024 1.73748 0 P 0
L 2.661024 1.67252 2.788976 1.67252 0 P 0
L 2.661024 1.73748 2.788976 1.73748 0 P 0
L 2.68126 1.776574 2.68126 1.973426 0 P 0
L 2.68126 1.776574 2.83874 1.776574 0 P 0
L 2.68126 1.973426 2.83874 1.973426 0 P 0
L 2.694292 2.334292 2.694292 2.495708 0 P 0
L 2.694292 2.334292 2.855708 2.334292 0 P 0
L 2.694292 2.495708 2.855708 2.495708 0 P 0
L 2.699994 1.0458178 2.699994 1.2741634 1 P 0
L 2.699994 1.0458178 2.899994 1.0458178 1 P 0
L 2.699994 1.2741634 2.899994 1.2741634 1 P 0
L 2.74 1.0458178 2.74 1.09 1 P 0
L 2.74 1.09 2.86 1.09 1 P 0
L 2.754566 2.13807 2.754566 2.27193 0 P 0
L 2.754566 2.13807 2.825434 2.13807 0 P 0
L 2.754566 2.27193 2.825434 2.27193 0 P 0
L 2.756024 1.42752 2.756024 1.49248 0 P 0
L 2.756024 1.42752 2.883976 1.42752 0 P 0
L 2.756024 1.49248 2.883976 1.49248 0 P 0
L 2.788976 1.67252 2.788976 1.73748 0 P 0
L 2.825434 2.13807 2.825434 2.27193 0 P 0
L 2.83874 1.776574 2.83874 1.973426 0 P 0
L 2.855708 2.334292 2.855708 2.495708 0 P 0
L 2.86 1.0458178 2.86 1.09 1 P 0
L 2.883976 1.42752 2.883976 1.49248 0 P 0
L 2.899994 1.0458178 2.899994 1.2741634 1 P 0
L 2.917442 1.946694 2.917442 2.033308 0 P 0
L 2.917442 1.946694 2.97256 1.946694 0 P 0
L 2.917442 2.033308 2.97256 2.033308 0 P 0
L 2.92244 1.756692 2.92244 1.843308 0 P 0
L 2.92244 1.756692 2.97756 1.756692 0 P 0
L 2.92244 1.843308 2.97756 1.843308 0 P 0
L 2.953426 1.416692 2.953426 1.503308 0 P 0
L 2.953426 1.416692 3.006574 1.416692 0 P 0
L 2.953426 1.503308 3.006574 1.503308 0 P 0
L 2.97256 1.946694 2.97256 2.033308 0 P 0
L 2.97756 1.756692 2.97756 1.843308 0 P 0
L 3.006574 1.416692 3.006574 1.503308 0 P 0
L 3.0224409 1.9266929 3.0224409 2.013307 0 P 0
L 3.0224409 1.9266929 3.077559 1.9266929 0 P 0
L 3.0224409 2.013307 3.077559 2.013307 0 P 0
L 3.05752 1.216024 3.05752 1.343976 0 P 0
L 3.05752 1.216024 3.12248 1.216024 0 P 0
L 3.05752 1.343976 3.12248 1.343976 0 P 0
L 3.077559 1.9266929 3.077559 2.013307 0 P 0
L 3.12248 1.216024 3.12248 1.343976 0 P 0
L 3.157362 1.492244 3.157362 1.897756 0 P 0
L 3.157362 1.492244 3.452638 1.492244 0 P 0
L 3.157362 1.897756 3.452638 1.897756 0 P 0
L 3.452638 1.492244 3.452638 1.897756 0 P 0
L 3.4724409 1.9166929 3.4724409 2.003307 0 P 0
L 3.4724409 1.9166929 3.527559 1.9166929 0 P 0
L 3.4724409 2.003307 3.527559 2.003307 0 P 0
L 3.519292 2.439292 3.519292 2.600708 0 P 0
L 3.519292 2.439292 3.680708 2.439292 0 P 0
L 3.519292 2.600708 3.680708 2.600708 0 P 0
L 3.527559 1.9166929 3.527559 2.003307 0 P 0
L 3.56004 2.13256 3.56004 2.377442 0 P 0
L 3.56004 2.13256 3.83996 2.13256 0 P 0
L 3.56004 2.377442 3.83996 2.377442 0 P 0
L 3.56252 1.371024 3.56252 1.498976 0 P 0
L 3.56252 1.371024 3.62748 1.371024 0 P 0
L 3.56252 1.498976 3.62748 1.498976 0 P 0
L 3.613426 1.871692 3.613426 1.958308 0 P 0
L 3.613426 1.871692 3.666574 1.871692 0 P 0
L 3.613426 1.958308 3.666574 1.958308 0 P 0
L 3.62748 1.371024 3.62748 1.498976 0 P 0
L 3.666574 1.871692 3.666574 1.958308 0 P 0
L 3.680708 2.439292 3.680708 2.600708 0 P 0
L 3.686024 1.21752 3.686024 1.28248 0 P 0
L 3.686024 1.21752 3.813976 1.21752 0 P 0
L 3.686024 1.28248 3.813976 1.28248 0 P 0
L 3.764568 2.43807 3.764568 2.57193 0 P 0
L 3.764568 2.43807 3.835434 2.43807 0 P 0
L 3.764568 2.57193 3.835434 2.57193 0 P 0
L 3.813976 1.21752 3.813976 1.28248 0 P 0
L 3.835434 2.43807 3.835434 2.57193 0 P 0
L 3.83996 2.13256 3.83996 2.377442 0 P 0
L 3.8666929 1.8203838 3.8666929 1.8755019 0 P 0
L 3.8666929 1.8203838 3.953307 1.8203838 0 P 0
L 3.8666929 1.8755019 3.953307 1.8755019 0 P 0
L 3.8855512 1.9199606 3.8855512 2.0400393 0 P 0
L 3.8855512 1.9199606 3.9544489 1.9199606 0 P 0
L 3.8855512 2.0400393 3.9544489 2.0400393 0 P 0
L 3.9372069 1.5275197 3.9372069 1.5924803 0 P 0
L 3.9372069 1.5275197 4.0651597 1.5275197 0 P 0
L 3.9372069 1.5924803 4.0651597 1.5924803 0 P 0
L 3.953307 1.8203838 3.953307 1.8755019 0 P 0
L 3.9544489 1.9199606 3.9544489 2.0400393 0 P 0
L 4.026024 1.684094 4.026024 2.195906 0 P 0
L 4.026024 1.684094 5.600826 1.684094 0 P 0
L 4.026024 2.195906 5.600826 2.195906 0 P 0
L 4.0651597 1.5275197 4.0651597 1.5924803 0 P 0
L 4.1360236 1.3475197 4.1360236 1.4124803 0 P 0
L 4.1360236 1.3475197 4.2639764 1.3475197 0 P 0
L 4.1360236 1.4124803 4.2639764 1.4124803 0 P 0
L 4.136024 2.23752 4.136024 2.30248 0 P 0
L 4.136024 2.23752 4.263976 2.23752 0 P 0
L 4.136024 2.30248 4.263976 2.30248 0 P 0
L 4.263976 2.23752 4.263976 2.30248 0 P 0
L 4.2639764 1.3475197 4.2639764 1.4124803 0 P 0
L 4.67996 2.24996 4.67996 2.62004 0 P 0
L 4.67996 2.24996 5.64059 2.24996 0 P 0
L 4.67996 2.62004 5.64059 2.62004 0 P 0
L 5.600826 1.684094 5.600826 2.195906 0 P 0
L 5.64059 2.24996 5.64059 2.62004 0 P 0
P 3.821136 2.255001 2 P 0 0
