#Layer_Color=16711935
#
#Feature symbol names
#
$0 r3.937
$1 r1
$2 r7.874

#
#Feature attribute names
#

#
#Layer features
#
A 0.2125984 0.5944882 0.2125984 0.5944882 0.1929134 0.5944882 0 P 0 N
A 0.5629921 0.5944882 0.5629921 0.5944882 0.5433071 0.5944882 0 P 0 N
A 0.9133858 0.5944882 0.9133858 0.5944882 0.8937008 0.5944882 0 P 0 N
A 0.9704724 1.1318898 0.9704724 1.1318898 0.9507874 1.1318898 0 P 0 N
A 0.9704724 1.5846457 0.9704724 1.5846457 0.9507874 1.5846457 0 P 0 N
A 0.9901574 2.0767717 0.9901574 2.0767717 0.9704724 2.0767717 0 P 0 N
A 1.2637795 0.5944882 1.2637795 0.5944882 1.2440945 0.5944882 0 P 0 N
A 1.5010473 1.3622047 1.5010473 1.3622047 1.4813623 1.3622047 0 P 0 N
A 1.5010473 2.5826771 1.5010473 2.5826771 1.4813623 2.5826771 0 P 0 N
A 1.5010473 3.1929133 1.5010473 3.1929133 1.4813623 3.1929133 0 P 0 N
A 1.5010473 3.8031495 1.5010473 3.8031495 1.4813623 3.8031495 0 P 0 N
A 1.5010473 4.4133857 1.5010473 4.4133857 1.4813623 4.4133857 0 P 0 N
A 1.5108898 1.9527559 1.5108898 1.9527559 1.4912048 1.9527559 0 P 0 N
A 1.6141732 0.5944882 1.6141732 0.5944882 1.5944882 0.5944882 0 P 0 N
A 1.769685 3.3147638 1.769685 3.3147638 1.75 3.3147638 0 P 0 N
A 1.7994094 2.7027558 1.7994094 2.7027558 1.7797244 2.7027558 0 P 0 N
A 1.9645669 0.5944882 1.9645669 0.5944882 1.9448819 0.5944882 0 P 0 N
A 2.8110236 0.4763779 2.8110236 0.4763779 2.7913386 0.4763779 0 P 0 N
A 3.0059056 3.8759842 3.0059056 3.8759842 2.9862206 3.8759842 0 P 0 N
A 3.0389765 2.4570866 3.0389765 2.4570866 3.0192915 2.4570866 0 P 0 N
A 3.0783466 3.1399605 3.0783466 3.1399605 3.0586616 3.1399605 0 P 0 N
A 3.1295277 1.8783463 3.1295277 1.8783463 3.1098427 1.8783463 0 P 0 N
A 3.1299212 0.4763779 3.1299212 0.4763779 3.1102362 0.4763779 0 P 0 N
A 3.3202126 1.3346458 3.3202126 1.3346458 3.3005276 1.3346458 0 P 0 N
A 3.3202126 1.9839371 3.3202126 1.9839371 3.3005276 1.9839371 0 P 0 N
A 3.3202126 2.6332283 3.3202126 2.6332283 3.3005276 2.6332283 0 P 0 N
A 3.3202126 3.2825196 3.3202126 3.2825196 3.3005276 3.2825196 0 P 0 N
A 3.3202126 3.931811 3.3202126 3.931811 3.3005276 3.931811 0 P 0 N
A 3.3202126 4.5811022 3.3202126 4.5811022 3.3005276 4.5811022 0 P 0 N
A 3.4488188 0.4763779 3.4488188 0.4763779 3.4291338 0.4763779 0 P 0 N
A 3.7677164 0.4763779 3.7677164 0.4763779 3.7480314 0.4763779 0 P 0 N
A 4.086614 0.4763779 4.086614 0.4763779 4.066929 0.4763779 0 P 0 N
A 4.2874016 0.3503937 4.2874016 0.3503937 4.2677166 0.3503937 0 P 0 N
L -0.0108267 4.2322834 -0.0108267 4.7362204 0 P 0
L -0.0108267 4.2322834 0.4891749 4.2322834 0 P 0
L -0.0108267 4.7362204 0.4891749 4.7362204 0 P 0
L -0.0147636 0.8267717 -0.0147636 1.3307087 0 P 0
L -0.0147636 0.8267717 0.485238 0.8267717 0 P 0
L -0.0147636 1.3307087 0.485238 1.3307087 0 P 0
L -0.0147636 1.5157481 -0.0147636 2.0196851 0 P 0
L -0.0147636 1.5157481 0.485238 1.5157481 0 P 0
L -0.0147636 2.0196851 0.485238 2.0196851 0 P 0
L -0.0147636 2.2047245 -0.0147636 2.7086615 0 P 0
L -0.0147636 2.2047245 0.485238 2.2047245 0 P 0
L -0.0147636 2.7086615 0.485238 2.7086615 0 P 0
L -0.0147636 2.8937009 -0.0147636 3.3976379 0 P 0
L -0.0147636 2.8937009 0.485238 2.8937009 0 P 0
L -0.0147636 3.3976379 0.485238 3.3976379 0 P 0
L -0.0147636 3.5708662 -0.0147636 4.0748032 0 P 0
L -0.0147636 3.5708662 0.485238 3.5708662 0 P 0
L -0.0147636 4.0748032 0.485238 4.0748032 0 P 0
L -0.1171243 4.3661449 -0.0108251 4.3661449 0 P 0
L -0.1171243 4.3661449 -0.1171243 4.6023653 0 P 0
L -0.1171243 4.6023653 -0.0108251 4.6023653 0 P 0
L -0.1210612 0.9606332 -0.014762 0.9606332 0 P 0
L -0.1210612 0.9606332 -0.1210612 1.1968536 0 P 0
L -0.1210612 1.1968536 -0.014762 1.1968536 0 P 0
L -0.1210612 1.6496096 -0.014762 1.6496096 0 P 0
L -0.1210612 1.6496096 -0.1210612 1.88583 0 P 0
L -0.1210612 1.88583 -0.014762 1.88583 0 P 0
L -0.1210612 2.338586 -0.014762 2.338586 0 P 0
L -0.1210612 2.338586 -0.1210612 2.5748064 0 P 0
L -0.1210612 2.5748064 -0.014762 2.5748064 0 P 0
L -0.1210612 3.0275624 -0.014762 3.0275624 0 P 0
L -0.1210612 3.0275624 -0.1210612 3.2637828 0 P 0
L -0.1210612 3.2637828 -0.014762 3.2637828 0 P 0
L -0.1210612 3.7047277 -0.014762 3.7047277 0 P 0
L -0.1210612 3.7047277 -0.1210612 3.9409481 0 P 0
L -0.1210612 3.9409481 -0.014762 3.9409481 0 P 0
L 0.1574803 0.4330709 0.1574803 0.6299213 0 P 0
L 0.1574803 0.4330709 0.3149606 0.4330709 0 P 0
L 0.1574803 0.6299213 0.3149606 0.6299213 0 P 0
L 0.2783405 0.043298 0.2783405 0.2716436 2 P 0
L 0.2783405 0.043298 1.0783405 0.043298 2 P 0
L 0.2783405 0.2716436 1.0783405 0.2716436 2 P 0
L 0.3149606 0.4330709 0.3149606 0.6299213 0 P 0
L 0.3383465 0.043298 0.3383465 0.0874802 2 P 0
L 0.3383465 0.0874802 0.5283465 0.0874802 2 P 0
L 0.485247 0.8267807 0.485247 1.3307117 0 P 0
L 0.485247 1.5157571 0.485247 2.0196881 0 P 0
L 0.485247 2.2047335 0.485247 2.7086645 0 P 0
L 0.485247 2.8937099 0.485247 3.3976409 0 P 0
L 0.485247 3.5708752 0.485247 4.0748062 0 P 0
L 0.4891839 4.2322924 0.4891839 4.7362234 0 P 0
L 0.507874 0.4330709 0.507874 0.6299213 0 P 0
L 0.507874 0.4330709 0.6653543 0.4330709 0 P 0
L 0.507874 0.6299213 0.6653543 0.6299213 0 P 0
L 0.5157481 0.7253937 0.5157481 0.7785433 0 P 0
L 0.5157481 0.7253937 0.6023623 0.7253937 0 P 0
L 0.5157481 0.7785433 0.6023623 0.7785433 0 P 0
L 0.5157481 1.41437 0.5157481 1.4675196 0 P 0
L 0.5157481 1.41437 0.6023623 1.41437 0 P 0
L 0.5157481 1.4675196 0.6023623 1.4675196 0 P 0
L 0.5157481 2.1033464 0.5157481 2.156496 0 P 0
L 0.5157481 2.1033464 0.6023623 2.1033464 0 P 0
L 0.5157481 2.156496 0.6023623 2.156496 0 P 0
L 0.5157481 2.7923228 0.5157481 2.8454724 0 P 0
L 0.5157481 2.7923228 0.6023623 2.7923228 0 P 0
L 0.5157481 2.8454724 0.6023623 2.8454724 0 P 0
L 0.5157481 3.4714567 0.5157481 3.5246063 0 P 0
L 0.5157481 3.4714567 0.6023623 3.4714567 0 P 0
L 0.5157481 3.5246063 0.6023623 3.5246063 0 P 0
L 0.5157481 4.1309055 0.5157481 4.1840551 0 P 0
L 0.5157481 4.1309055 0.6023623 4.1309055 0 P 0
L 0.5157481 4.1840551 0.6023623 4.1840551 0 P 0
L 0.5283465 0.043298 0.5283465 0.0874802 2 P 0
L 0.565945 1.1919291 0.565945 1.3198819 0 P 0
L 0.565945 1.1919291 0.6309056 1.1919291 0 P 0
L 0.565945 1.3198819 0.6309056 1.3198819 0 P 0
L 0.565945 2.5698818 0.565945 2.6978346 0 P 0
L 0.565945 2.5698818 0.6309056 2.5698818 0 P 0
L 0.565945 2.6978346 0.6309056 2.6978346 0 P 0
L 0.565945 3.2588582 0.565945 3.386811 0 P 0
L 0.565945 3.2588582 0.6309056 3.2588582 0 P 0
L 0.565945 3.386811 0.6309056 3.386811 0 P 0
L 0.565945 3.9379921 0.565945 4.0659449 0 P 0
L 0.565945 3.9379921 0.6309056 3.9379921 0 P 0
L 0.565945 4.0659449 0.6309056 4.0659449 0 P 0
L 0.565945 4.5974409 0.565945 4.7253937 0 P 0
L 0.565945 4.5974409 0.6309056 4.5974409 0 P 0
L 0.565945 4.7253937 0.6309056 4.7253937 0 P 0
L 0.593504 1.8809055 0.593504 2.0088583 0 P 0
L 0.593504 1.8809055 0.6584646 1.8809055 0 P 0
L 0.593504 2.0088583 0.6584646 2.0088583 0 P 0
L 0.6023623 0.7253937 0.6023623 0.7785433 0 P 0
L 0.6023623 1.41437 0.6023623 1.4675196 0 P 0
L 0.6023623 2.1033464 0.6023623 2.156496 0 P 0
L 0.6023623 2.7923228 0.6023623 2.8454724 0 P 0
L 0.6023623 3.4714567 0.6023623 3.5246063 0 P 0
L 0.6023623 4.1309055 0.6023623 4.1840551 0 P 0
L 0.6309056 1.1919291 0.6309056 1.3198819 0 P 0
L 0.6309056 2.5698818 0.6309056 2.6978346 0 P 0
L 0.6309056 3.2588582 0.6309056 3.386811 0 P 0
L 0.6309056 3.9379921 0.6309056 4.0659449 0 P 0
L 0.6309056 4.5974409 0.6309056 4.7253937 0 P 0
L 0.6584646 1.8809055 0.6584646 2.0088583 0 P 0
L 0.6653543 0.4330709 0.6653543 0.6299213 0 P 0
L 0.6820867 0.7795275 0.6820867 0.8661417 0 P 0
L 0.6820867 0.7795275 0.7352363 0.7795275 0 P 0
L 0.6820867 0.8661417 0.7352363 0.8661417 0 P 0
L 0.6820867 1.4685038 0.6820867 1.555118 0 P 0
L 0.6820867 1.4685038 0.7352363 1.4685038 0 P 0
L 0.6820867 1.555118 0.7352363 1.555118 0 P 0
L 0.6820867 2.1574802 0.6820867 2.2440944 0 P 0
L 0.6820867 2.1574802 0.7352363 2.1574802 0 P 0
L 0.6820867 2.2440944 0.7352363 2.2440944 0 P 0
L 0.6820867 2.8464566 0.6820867 2.9330708 0 P 0
L 0.6820867 2.8464566 0.7352363 2.8464566 0 P 0
L 0.6820867 2.9330708 0.7352363 2.9330708 0 P 0
L 0.6820867 3.5255905 0.6820867 3.6122047 0 P 0
L 0.6820867 3.5255905 0.7352363 3.5255905 0 P 0
L 0.6820867 3.6122047 0.7352363 3.6122047 0 P 0
L 0.6820867 4.1850393 0.6820867 4.2716535 0 P 0
L 0.6820867 4.1850393 0.7352363 4.1850393 0 P 0
L 0.6820867 4.2716535 0.7352363 4.2716535 0 P 0
L 0.6860237 0.9498031 0.6860237 1.0777559 0 P 0
L 0.6860237 0.9498031 0.7509843 0.9498031 0 P 0
L 0.6860237 1.0777559 0.7509843 1.0777559 0 P 0
L 0.6860237 1.6387794 0.6860237 1.7667322 0 P 0
L 0.6860237 1.6387794 0.7509843 1.6387794 0 P 0
L 0.6860237 1.7667322 0.7509843 1.7667322 0 P 0
L 0.6860237 2.3277558 0.6860237 2.4557086 0 P 0
L 0.6860237 2.3277558 0.7509843 2.3277558 0 P 0
L 0.6860237 2.4557086 0.7509843 2.4557086 0 P 0
L 0.6860237 3.0167322 0.6860237 3.144685 0 P 0
L 0.6860237 3.0167322 0.7509843 3.0167322 0 P 0
L 0.6860237 3.144685 0.7509843 3.144685 0 P 0
L 0.6860237 3.6958661 0.6860237 3.8238189 0 P 0
L 0.6860237 3.6958661 0.7509843 3.6958661 0 P 0
L 0.6860237 3.8238189 0.7509843 3.8238189 0 P 0
L 0.6860237 4.3553149 0.6860237 4.4832677 0 P 0
L 0.6860237 4.3553149 0.7509843 4.3553149 0 P 0
L 0.6860237 4.4832677 0.7509843 4.4832677 0 P 0
L 0.7007875 2.0551181 0.7007875 2.1417322 0 P 0
L 0.7007875 2.0551181 0.7559056 2.0551181 0 P 0
L 0.7007875 2.1417322 0.7559056 2.1417322 0 P 0
L 0.7047245 1.5787402 0.7047245 1.6338583 0 P 0
L 0.7047245 1.5787402 0.7913386 1.5787402 0 P 0
L 0.7047245 1.6338583 0.7913386 1.6338583 0 P 0
L 0.7204726 1.03937 0.7204726 1.1259841 0 P 0
L 0.7204726 1.03937 0.7755907 1.03937 0 P 0
L 0.7204726 1.1259841 0.7755907 1.1259841 0 P 0
L 0.7214567 3.7559055 0.7214567 3.8425197 0 P 0
L 0.7214567 3.7559055 0.7746063 3.7559055 0 P 0
L 0.7214567 3.8425197 0.7746063 3.8425197 0 P 0
L 0.7293308 3.3976377 0.7293308 3.4842519 0 P 0
L 0.7293308 3.3976377 0.7824804 3.3976377 0 P 0
L 0.7293308 3.4842519 0.7824804 3.4842519 0 P 0
L 0.7352363 0.7795275 0.7352363 0.8661417 0 P 0
L 0.7352363 1.4685038 0.7352363 1.555118 0 P 0
L 0.7352363 2.1574802 0.7352363 2.2440944 0 P 0
L 0.7352363 2.8464566 0.7352363 2.9330708 0 P 0
L 0.7352363 3.5255905 0.7352363 3.6122047 0 P 0
L 0.7352363 4.1850393 0.7352363 4.2716535 0 P 0
L 0.7362206 3.1692914 0.7362206 3.2401575 0 P 0
L 0.7362206 3.1692914 0.8700788 3.1692914 0 P 0
L 0.7362206 3.2401575 0.8700788 3.2401575 0 P 0
L 0.7362206 3.2834646 0.7362206 3.3543307 0 P 0
L 0.7362206 3.2834646 0.8700788 3.2834646 0 P 0
L 0.7362206 3.3543307 0.8700788 3.3543307 0 P 0
L 0.7509843 0.9498031 0.7509843 1.0777559 0 P 0
L 0.7509843 1.6387794 0.7509843 1.7667322 0 P 0
L 0.7509843 2.3277558 0.7509843 2.4557086 0 P 0
L 0.7509843 3.0167322 0.7509843 3.144685 0 P 0
L 0.7509843 3.6958661 0.7509843 3.8238189 0 P 0
L 0.7509843 4.3553149 0.7509843 4.4832677 0 P 0
L 0.7559056 2.0551181 0.7559056 2.1417322 0 P 0
L 0.7746063 3.7559055 0.7746063 3.8425197 0 P 0
L 0.7755907 1.03937 0.7755907 1.1259841 0 P 0
L 0.7824804 3.3976377 0.7824804 3.4842519 0 P 0
L 0.7913386 1.5787402 0.7913386 1.6338583 0 P 0
L 0.7992124 1.3553153 0.7992124 1.4084649 0 P 0
L 0.7992124 1.3553153 0.8858266 1.3553153 0 P 0
L 0.7992124 1.4084649 0.8858266 1.4084649 0 P 0
L 0.7992124 2.0094491 0.7992124 2.0625987 0 P 0
L 0.7992124 2.0094491 0.8858266 2.0094491 0 P 0
L 0.7992124 2.0625987 0.8858266 2.0625987 0 P 0
L 0.7992124 2.6635829 0.7992124 2.7167325 0 P 0
L 0.7992124 2.6635829 0.8858266 2.6635829 0 P 0
L 0.7992124 2.7167325 0.8858266 2.7167325 0 P 0
L 0.7992124 3.9718505 0.7992124 4.0250001 0 P 0
L 0.7992124 3.9718505 0.8858266 3.9718505 0 P 0
L 0.7992124 4.0250001 0.8858266 4.0250001 0 P 0
L 0.7992124 4.6259843 0.7992124 4.6791339 0 P 0
L 0.7992124 4.6259843 0.8858266 4.6259843 0 P 0
L 0.7992124 4.6791339 0.8858266 4.6791339 0 P 0
L 0.8031496 3.3198819 0.8031496 3.3730315 0 P 0
L 0.8031496 3.3198819 0.8897638 3.3198819 0 P 0
L 0.8031496 3.3730315 0.8897638 3.3730315 0 P 0
L 0.8188977 2.7755905 0.8188977 2.8622046 0 P 0
L 0.8188977 2.7755905 0.8740158 2.7755905 0 P 0
L 0.8188977 2.8622046 0.8740158 2.8622046 0 P 0
L 0.8283465 0.043298 0.8283465 0.0874802 2 P 0
L 0.8283465 0.0874802 1.0183465 0.0874802 2 P 0
L 0.8297245 1.2165354 0.8297245 1.3031496 0 P 0
L 0.8297245 1.2165354 0.8828741 1.2165354 0 P 0
L 0.8297245 1.3031496 0.8828741 1.3031496 0 P 0
L 0.8297245 1.8706692 0.8297245 1.9572834 0 P 0
L 0.8297245 1.8706692 0.8828741 1.8706692 0 P 0
L 0.8297245 1.9572834 0.8828741 1.9572834 0 P 0
L 0.8297245 2.524803 0.8297245 2.6114172 0 P 0
L 0.8297245 2.524803 0.8828741 2.524803 0 P 0
L 0.8297245 2.6114172 0.8828741 2.6114172 0 P 0
L 0.8297245 3.1789368 0.8297245 3.265551 0 P 0
L 0.8297245 3.1789368 0.8828741 3.1789368 0 P 0
L 0.8297245 3.265551 0.8828741 3.265551 0 P 0
L 0.8297245 3.8330706 0.8297245 3.9196848 0 P 0
L 0.8297245 3.8330706 0.8828741 3.8330706 0 P 0
L 0.8297245 3.9196848 0.8828741 3.9196848 0 P 0
L 0.8297245 4.4872044 0.8297245 4.5738186 0 P 0
L 0.8297245 4.4872044 0.8828741 4.4872044 0 P 0
L 0.8297245 4.5738186 0.8828741 4.5738186 0 P 0
L 0.8326769 1.0393704 0.8326769 1.1259846 0 P 0
L 0.8326769 1.0393704 0.8858265 1.0393704 0 P 0
L 0.8326769 1.1259846 0.8858265 1.1259846 0 P 0
L 0.8326769 1.6935042 0.8326769 1.7801184 0 P 0
L 0.8326769 1.6935042 0.8858265 1.6935042 0 P 0
L 0.8326769 1.7801184 0.8858265 1.7801184 0 P 0
L 0.8326769 2.347638 0.8326769 2.4342522 0 P 0
L 0.8326769 2.347638 0.8858265 2.347638 0 P 0
L 0.8326769 2.4342522 0.8858265 2.4342522 0 P 0
L 0.8326769 3.0017718 0.8326769 3.088386 0 P 0
L 0.8326769 3.0017718 0.8858265 3.0017718 0 P 0
L 0.8326769 3.088386 0.8858265 3.088386 0 P 0
L 0.8326769 3.6559056 0.8326769 3.7425198 0 P 0
L 0.8326769 3.6559056 0.8858265 3.6559056 0 P 0
L 0.8326769 3.7425198 0.8858265 3.7425198 0 P 0
L 0.8326769 4.3100394 0.8326769 4.3966536 0 P 0
L 0.8326769 4.3100394 0.8858265 4.3100394 0 P 0
L 0.8326769 4.3966536 0.8858265 4.3966536 0 P 0
L 0.8356238 3.4781488 0.8356238 3.838385 1 P 0
L 0.8356238 3.4781488 1.2746002 3.4781488 1 P 0
L 0.8356238 3.5409533 0.8356238 3.5630005 1 P 0
L 0.8356238 3.5409533 0.8356238 3.5630005 1 P 0
L 0.8356238 3.5763833 0.8356238 3.5984305 1 P 0
L 0.8356238 3.5763833 0.8356238 3.5984305 1 P 0
L 0.8356238 3.6118133 0.8356238 3.6338605 1 P 0
L 0.8356238 3.6118133 0.8356238 3.6338605 1 P 0
L 0.8356238 3.6472433 0.8356238 3.6692905 1 P 0
L 0.8356238 3.6472433 0.8356238 3.6692905 1 P 0
L 0.8356238 3.6826733 0.8356238 3.7047205 1 P 0
L 0.8356238 3.6826733 0.8356238 3.7047205 1 P 0
L 0.8356238 3.7181033 0.8356238 3.7401505 1 P 0
L 0.8356238 3.7181033 0.8356238 3.7401505 1 P 0
L 0.8356238 3.7535333 0.8356238 3.7755805 1 P 0
L 0.8356238 3.7535333 0.8356238 3.7755805 1 P 0
L 0.8356238 3.788385 0.8856238 3.838385 1 P 0
L 0.8356238 3.838385 1.2746002 3.838385 1 P 0
L 0.8582677 0.4330709 0.8582677 0.6299213 0 P 0
L 0.8582677 0.4330709 1.015748 0.4330709 0 P 0
L 0.8582677 0.6299213 1.015748 0.6299213 0 P 0
L 0.8700788 3.1692914 0.8700788 3.2401575 0 P 0
L 0.8700788 3.2834646 0.8700788 3.3543307 0 P 0
L 0.8740158 2.7755905 0.8740158 2.8622046 0 P 0
L 0.8828741 1.2165354 0.8828741 1.3031496 0 P 0
L 0.8828741 1.8706692 0.8828741 1.9572834 0 P 0
L 0.8828741 2.524803 0.8828741 2.6114172 0 P 0
L 0.8828741 3.1789368 0.8828741 3.265551 0 P 0
L 0.8828741 3.8330706 0.8828741 3.9196848 0 P 0
L 0.8828741 4.4872044 0.8828741 4.5738186 0 P 0
L 0.8858265 1.0393704 0.8858265 1.1259846 0 P 0
L 0.8858265 1.6935042 0.8858265 1.7801184 0 P 0
L 0.8858265 2.347638 0.8858265 2.4342522 0 P 0
L 0.8858265 3.0017718 0.8858265 3.088386 0 P 0
L 0.8858265 3.6559056 0.8858265 3.7425198 0 P 0
L 0.8858265 4.3100394 0.8858265 4.3966536 0 P 0
L 0.8858266 1.3553153 0.8858266 1.4084649 0 P 0
L 0.8858266 2.0094491 0.8858266 2.0625987 0 P 0
L 0.8858266 2.6635829 0.8858266 2.7167325 0 P 0
L 0.8858266 3.9718505 0.8858266 4.0250001 0 P 0
L 0.8858266 4.6259843 0.8858266 4.6791339 0 P 0
L 0.8897638 3.3198819 0.8897638 3.3730315 0 P 0
L 0.9023684 3.4781488 0.9244156 3.4781488 1 P 0
L 0.9023684 3.4781488 0.9244156 3.4781488 1 P 0
L 0.9023684 3.838385 0.9244156 3.838385 1 P 0
L 0.9023684 3.838385 0.9244156 3.838385 1 P 0
L 0.9153544 1.0964567 0.9153544 1.5019685 0 P 0
L 0.9153544 1.0964567 1.21063 1.0964567 0 P 0
L 0.9153544 1.5019685 1.21063 1.5019685 0 P 0
L 0.9153544 1.5492126 0.9153544 1.9547244 0 P 0
L 0.9153544 1.5492126 1.21063 1.5492126 0 P 0
L 0.9153544 1.9547244 1.21063 1.9547244 0 P 0
L 0.9350394 2.0413386 0.9350394 2.4468504 0 P 0
L 0.9350394 2.0413386 1.230315 2.0413386 0 P 0
L 0.9350394 2.4468504 1.230315 2.4468504 0 P 0
L 0.9377984 3.4781488 0.9598456 3.4781488 1 P 0
L 0.9377984 3.4781488 0.9598456 3.4781488 1 P 0
L 0.9377984 3.838385 0.9598456 3.838385 1 P 0
L 0.9377984 3.838385 0.9598456 3.838385 1 P 0
L 0.9458659 1.0167326 0.9458659 1.0698822 0 P 0
L 0.9458659 1.0167326 1.0324801 1.0167326 0 P 0
L 0.9458659 1.0698822 1.0324801 1.0698822 0 P 0
L 0.9458659 1.6708664 0.9458659 1.724016 0 P 0
L 0.9458659 1.6708664 1.0324801 1.6708664 0 P 0
L 0.9458659 1.724016 1.0324801 1.724016 0 P 0
L 0.9458659 2.3250002 0.9458659 2.3781498 0 P 0
L 0.9458659 2.3250002 1.0324801 2.3250002 0 P 0
L 0.9458659 2.3781498 1.0324801 2.3781498 0 P 0
L 0.9458659 2.979134 0.9458659 3.0322836 0 P 0
L 0.9458659 2.979134 1.0324801 2.979134 0 P 0
L 0.9458659 3.0322836 1.0324801 3.0322836 0 P 0
L 0.9458659 3.6332678 0.9458659 3.6864174 0 P 0
L 0.9458659 3.6332678 1.0324801 3.6332678 0 P 0
L 0.9458659 3.6864174 1.0324801 3.6864174 0 P 0
L 0.9458659 4.2874016 0.9458659 4.3405512 0 P 0
L 0.9458659 4.2874016 1.0324801 4.2874016 0 P 0
L 0.9458659 4.3405512 1.0324801 4.3405512 0 P 0
L 0.9576768 1.3513783 0.9576768 1.4045279 0 P 0
L 0.9576768 1.3513783 1.044291 1.3513783 0 P 0
L 0.9576768 1.4045279 1.044291 1.4045279 0 P 0
L 0.9576768 2.0055121 0.9576768 2.0586617 0 P 0
L 0.9576768 2.0055121 1.044291 2.0055121 0 P 0
L 0.9576768 2.0586617 1.044291 2.0586617 0 P 0
L 0.9576768 2.6596459 0.9576768 2.7127955 0 P 0
L 0.9576768 2.6596459 1.044291 2.6596459 0 P 0
L 0.9576768 2.7127955 1.044291 2.7127955 0 P 0
L 0.9576768 3.3137797 0.9576768 3.3669293 0 P 0
L 0.9576768 3.3137797 1.044291 3.3137797 0 P 0
L 0.9576768 3.3669293 1.044291 3.3669293 0 P 0
L 0.9576768 3.9679135 0.9576768 4.0210631 0 P 0
L 0.9576768 3.9679135 1.044291 3.9679135 0 P 0
L 0.9576768 4.0210631 1.044291 4.0210631 0 P 0
L 0.9576768 4.6220473 0.9576768 4.6751969 0 P 0
L 0.9576768 4.6220473 1.044291 4.6220473 0 P 0
L 0.9576768 4.6751969 1.044291 4.6751969 0 P 0
L 0.9625985 2.8602362 0.9625985 2.9822834 0 P 0
L 0.9625985 2.8602362 1.0846457 2.8602362 0 P 0
L 0.9625985 2.9822834 1.0846457 2.9822834 0 P 0
L 0.9732284 3.4781488 0.9952756 3.4781488 1 P 0
L 0.9732284 3.4781488 0.9952756 3.4781488 1 P 0
L 0.9732284 3.838385 0.9952756 3.838385 1 P 0
L 0.9732284 3.838385 0.9952756 3.838385 1 P 0
L 0.9763781 2.7559056 0.9763781 2.8110237 0 P 0
L 0.9763781 2.7559056 1.0629922 2.7559056 0 P 0
L 0.9763781 2.8110237 1.0629922 2.8110237 0 P 0
L 0.9793305 1.1200792 0.9793305 1.2421264 0 P 0
L 0.9793305 1.1200792 1.1013777 1.1200792 0 P 0
L 0.9793305 1.2421264 1.1013777 1.2421264 0 P 0
L 0.9793305 1.774213 0.9793305 1.8962602 0 P 0
L 0.9793305 1.774213 1.1013777 1.774213 0 P 0
L 0.9793305 1.8962602 1.1013777 1.8962602 0 P 0
L 0.9793305 2.4283468 0.9793305 2.550394 0 P 0
L 0.9793305 2.4283468 1.1013777 2.4283468 0 P 0
L 0.9793305 2.550394 1.1013777 2.550394 0 P 0
L 0.9793305 3.0824806 0.9793305 3.2045278 0 P 0
L 0.9793305 3.0824806 1.1013777 3.0824806 0 P 0
L 0.9793305 3.2045278 1.1013777 3.2045278 0 P 0
L 0.9793305 3.7366144 0.9793305 3.8586616 0 P 0
L 0.9793305 3.7366144 1.1013777 3.7366144 0 P 0
L 0.9793305 3.8586616 1.1013777 3.8586616 0 P 0
L 0.9793305 4.3907482 0.9793305 4.5127954 0 P 0
L 0.9793305 4.3907482 1.1013777 4.3907482 0 P 0
L 0.9793305 4.5127954 1.1013777 4.5127954 0 P 0
L 0.988189 3.2923228 0.988189 3.3454724 0 P 0
L 0.988189 3.2923228 1.0748032 3.2923228 0 P 0
L 0.988189 3.3454724 1.0748032 3.3454724 0 P 0
L 1.0086584 3.4781488 1.0307056 3.4781488 1 P 0
L 1.0086584 3.4781488 1.0307056 3.4781488 1 P 0
L 1.0086584 3.838385 1.0307056 3.838385 1 P 0
L 1.0086584 3.838385 1.0307056 3.838385 1 P 0
L 1.015748 0.4330709 1.015748 0.6299213 0 P 0
L 1.0183465 0.043298 1.0183465 0.0874802 2 P 0
L 1.0324801 1.0167326 1.0324801 1.0698822 0 P 0
L 1.0324801 1.6708664 1.0324801 1.724016 0 P 0
L 1.0324801 2.3250002 1.0324801 2.3781498 0 P 0
L 1.0324801 2.979134 1.0324801 3.0322836 0 P 0
L 1.0324801 3.6332678 1.0324801 3.6864174 0 P 0
L 1.0324801 4.2874016 1.0324801 4.3405512 0 P 0
L 1.0440884 3.4781488 1.0661356 3.4781488 1 P 0
L 1.0440884 3.4781488 1.0661356 3.4781488 1 P 0
L 1.0440884 3.838385 1.0661356 3.838385 1 P 0
L 1.0440884 3.838385 1.0661356 3.838385 1 P 0
L 1.044291 1.3513783 1.044291 1.4045279 0 P 0
L 1.044291 2.0055121 1.044291 2.0586617 0 P 0
L 1.044291 2.6596459 1.044291 2.7127955 0 P 0
L 1.044291 3.3137797 1.044291 3.3669293 0 P 0
L 1.044291 3.9679135 1.044291 4.0210631 0 P 0
L 1.044291 4.6220473 1.044291 4.6751969 0 P 0
L 1.0629922 2.7559056 1.0629922 2.8110237 0 P 0
L 1.0748032 3.2923228 1.0748032 3.3454724 0 P 0
L 1.0783405 0.043298 1.0783405 0.2716436 2 P 0
L 1.0795184 3.4781488 1.1015656 3.4781488 1 P 0
L 1.0795184 3.4781488 1.1015656 3.4781488 1 P 0
L 1.0795184 3.838385 1.1015656 3.838385 1 P 0
L 1.0795184 3.838385 1.1015656 3.838385 1 P 0
L 1.0846457 2.8602362 1.0846457 2.9822834 0 P 0
L 1.1013777 1.1200792 1.1013777 1.2421264 0 P 0
L 1.1013777 1.774213 1.1013777 1.8962602 0 P 0
L 1.1013777 2.4283468 1.1013777 2.550394 0 P 0
L 1.1013777 3.0824806 1.1013777 3.2045278 0 P 0
L 1.1013777 3.7366144 1.1013777 3.8586616 0 P 0
L 1.1013777 4.3907482 1.1013777 4.5127954 0 P 0
L 1.1033462 1.2913389 1.1033462 1.377953 0 P 0
L 1.1033462 1.2913389 1.1584643 1.2913389 0 P 0
L 1.1033462 1.377953 1.1584643 1.377953 0 P 0
L 1.1033462 1.9454727 1.1033462 2.0320868 0 P 0
L 1.1033462 1.9454727 1.1584643 1.9454727 0 P 0
L 1.1033462 2.0320868 1.1584643 2.0320868 0 P 0
L 1.1033462 2.5996065 1.1033462 2.6862206 0 P 0
L 1.1033462 2.5996065 1.1584643 2.5996065 0 P 0
L 1.1033462 2.6862206 1.1584643 2.6862206 0 P 0
L 1.1033462 3.2537403 1.1033462 3.3403544 0 P 0
L 1.1033462 3.2537403 1.1584643 3.2537403 0 P 0
L 1.1033462 3.3403544 1.1584643 3.3403544 0 P 0
L 1.1033462 3.9078741 1.1033462 3.9944882 0 P 0
L 1.1033462 3.9078741 1.1584643 3.9078741 0 P 0
L 1.1033462 3.9944882 1.1584643 3.9944882 0 P 0
L 1.1033462 4.5620079 1.1033462 4.648622 0 P 0
L 1.1033462 4.5620079 1.1584643 4.5620079 0 P 0
L 1.1033462 4.648622 1.1584643 4.648622 0 P 0
L 1.1149484 3.4781488 1.1369956 3.4781488 1 P 0
L 1.1149484 3.4781488 1.1369956 3.4781488 1 P 0
L 1.1149484 3.838385 1.1369956 3.838385 1 P 0
L 1.1149484 3.838385 1.1369956 3.838385 1 P 0
L 1.1496064 3.2755906 1.1496064 3.3464567 0 P 0
L 1.1496064 3.2755906 1.2834646 3.2755906 0 P 0
L 1.1496064 3.3464567 1.2834646 3.3464567 0 P 0
L 1.1503784 3.4781488 1.1724256 3.4781488 1 P 0
L 1.1503784 3.4781488 1.1724256 3.4781488 1 P 0
L 1.1503784 3.838385 1.1724256 3.838385 1 P 0
L 1.1503784 3.838385 1.1724256 3.838385 1 P 0
L 1.1584643 1.2913389 1.1584643 1.377953 0 P 0
L 1.1584643 1.9454727 1.1584643 2.0320868 0 P 0
L 1.1584643 2.5996065 1.1584643 2.6862206 0 P 0
L 1.1584643 3.2537403 1.1584643 3.3403544 0 P 0
L 1.1584643 3.9078741 1.1584643 3.9944882 0 P 0
L 1.1584643 4.5620079 1.1584643 4.648622 0 P 0
L 1.1858084 3.4781488 1.2078556 3.4781488 1 P 0
L 1.1858084 3.4781488 1.2078556 3.4781488 1 P 0
L 1.1858084 3.838385 1.2078556 3.838385 1 P 0
L 1.1858084 3.838385 1.2078556 3.838385 1 P 0
L 1.1968505 2.8307087 1.1968505 2.9173228 0 P 0
L 1.1968505 2.8307087 1.2519686 2.8307087 0 P 0
L 1.1968505 2.9173228 1.2519686 2.9173228 0 P 0
L 1.2086614 0.4330709 1.2086614 0.6299213 0 P 0
L 1.2086614 0.4330709 1.3661417 0.4330709 0 P 0
L 1.2086614 0.6299213 1.3661417 0.6299213 0 P 0
L 1.21063 1.0964567 1.21063 1.5019685 0 P 0
L 1.21063 1.5492126 1.21063 1.9547244 0 P 0
L 1.2125984 4.4291338 1.2125984 4.5157479 0 P 0
L 1.2125984 4.4291338 1.2677165 4.4291338 0 P 0
L 1.2125984 4.5157479 1.2677165 4.5157479 0 P 0
L 1.2135825 1.1614177 1.2135825 1.2480318 0 P 0
L 1.2135825 1.1614177 1.2687006 1.1614177 0 P 0
L 1.2135825 1.2480318 1.2687006 1.2480318 0 P 0
L 1.2135825 1.8155515 1.2135825 1.9021656 0 P 0
L 1.2135825 1.8155515 1.2687006 1.8155515 0 P 0
L 1.2135825 1.9021656 1.2687006 1.9021656 0 P 0
L 1.2135825 2.4696853 1.2135825 2.5562994 0 P 0
L 1.2135825 2.4696853 1.2687006 2.4696853 0 P 0
L 1.2135825 2.5562994 1.2687006 2.5562994 0 P 0
L 1.2135825 3.1238191 1.2135825 3.2104332 0 P 0
L 1.2135825 3.1238191 1.2687006 3.1238191 0 P 0
L 1.2135825 3.2104332 1.2687006 3.2104332 0 P 0
L 1.2135825 3.7779529 1.2135825 3.864567 0 P 0
L 1.2135825 3.7779529 1.2687006 3.7779529 0 P 0
L 1.2135825 3.864567 1.2687006 3.864567 0 P 0
L 1.2135825 4.4320867 1.2135825 4.5187008 0 P 0
L 1.2135825 4.4320867 1.2687006 4.4320867 0 P 0
L 1.2135825 4.5187008 1.2687006 4.5187008 0 P 0
L 1.2234056 2.9361299 1.2234056 2.9851299 1 P 0
L 1.2234056 2.9361299 1.2884056 2.9361299 1 P 0
L 1.2234056 2.9851299 1.2884056 2.9851299 1 P 0
L 1.230315 2.0413386 1.230315 2.4468504 0 P 0
L 1.2312206 2.9281299 1.2312206 2.9361299 1 P 0
L 1.2312206 2.9281299 1.2412206 2.9281299 1 P 0
L 1.2312206 2.9361299 1.2412206 2.9361299 1 P 0
L 1.2312206 2.9851299 1.2312206 2.9931299 1 P 0
L 1.2312206 2.9851299 1.2412206 2.9851299 1 P 0
L 1.2312206 2.9931299 1.2412206 2.9931299 1 P 0
L 1.2411418 1.0206692 1.2411418 1.0757873 0 P 0
L 1.2411418 1.0206692 1.3277559 1.0206692 0 P 0
L 1.2411418 1.0757873 1.3277559 1.0757873 0 P 0
L 1.2412206 2.9281299 1.2412206 2.9361299 1 P 0
L 1.2412206 2.9851299 1.2412206 2.9931299 1 P 0
L 1.2509056 2.9281299 1.2509056 2.9361299 1 P 0
L 1.2509056 2.9281299 1.2609056 2.9281299 1 P 0
L 1.2509056 2.9361299 1.2609056 2.9361299 1 P 0
L 1.2509056 2.9851299 1.2509056 2.9931299 1 P 0
L 1.2509056 2.9851299 1.2609056 2.9851299 1 P 0
L 1.2509056 2.9931299 1.2609056 2.9931299 1 P 0
L 1.2519686 2.8307087 1.2519686 2.9173228 0 P 0
L 1.2609056 2.9281299 1.2609056 2.9361299 1 P 0
L 1.2609056 2.9851299 1.2609056 2.9931299 1 P 0
L 1.2677165 4.4291338 1.2677165 4.5157479 0 P 0
L 1.2687006 1.1614177 1.2687006 1.2480318 0 P 0
L 1.2687006 1.8155515 1.2687006 1.9021656 0 P 0
L 1.2687006 2.4696853 1.2687006 2.5562994 0 P 0
L 1.2687006 3.1238191 1.2687006 3.2104332 0 P 0
L 1.2687006 3.7779529 1.2687006 3.864567 0 P 0
L 1.2687006 4.4320867 1.2687006 4.5187008 0 P 0
L 1.2705906 2.9281299 1.2705906 2.9361299 1 P 0
L 1.2705906 2.9281299 1.2805906 2.9281299 1 P 0
L 1.2705906 2.9361299 1.2805906 2.9361299 1 P 0
L 1.2705906 2.9851299 1.2705906 2.9931299 1 P 0
L 1.2705906 2.9851299 1.2805906 2.9851299 1 P 0
L 1.2705906 2.9931299 1.2805906 2.9931299 1 P 0
L 1.2746002 3.4781488 1.2746002 3.838385 1 P 0
L 1.2746002 3.5409533 1.2746002 3.5630005 1 P 0
L 1.2746002 3.5409533 1.2746002 3.5630005 1 P 0
L 1.2746002 3.5763833 1.2746002 3.5984305 1 P 0
L 1.2746002 3.5763833 1.2746002 3.5984305 1 P 0
L 1.2746002 3.6118133 1.2746002 3.6338605 1 P 0
L 1.2746002 3.6118133 1.2746002 3.6338605 1 P 0
L 1.2746002 3.6472433 1.2746002 3.6692905 1 P 0
L 1.2746002 3.6472433 1.2746002 3.6692905 1 P 0
L 1.2746002 3.6826733 1.2746002 3.7047205 1 P 0
L 1.2746002 3.6826733 1.2746002 3.7047205 1 P 0
L 1.2746002 3.7181033 1.2746002 3.7401505 1 P 0
L 1.2746002 3.7181033 1.2746002 3.7401505 1 P 0
L 1.2746002 3.7535333 1.2746002 3.7755805 1 P 0
L 1.2746002 3.7535333 1.2746002 3.7755805 1 P 0
L 1.2805906 2.9281299 1.2805906 2.9361299 1 P 0
L 1.2805906 2.9851299 1.2805906 2.9931299 1 P 0
L 1.2834646 3.2755906 1.2834646 3.3464567 0 P 0
L 1.2884056 2.9361299 1.2884056 2.9851299 1 P 0
L 1.3277559 1.0206692 1.3277559 1.0757873 0 P 0
L 1.3307087 1.480315 1.3307087 1.5669291 0 P 0
L 1.3307087 1.480315 1.3858268 1.480315 0 P 0
L 1.3307087 1.5669291 1.3858268 1.5669291 0 P 0
L 1.344482 0.043298 1.344482 0.2716436 2 P 0
L 1.344482 0.043298 2.144482 0.043298 2 P 0
L 1.344482 0.2716436 2.144482 0.2716436 2 P 0
L 1.3661417 0.4330709 1.3661417 0.6299213 0 P 0
L 1.3700788 2.3661417 1.3700788 2.4527558 0 P 0
L 1.3700788 2.3661417 1.4251969 2.3661417 0 P 0
L 1.3700788 2.4527558 1.4251969 2.4527558 0 P 0
L 1.3700788 3.6574803 1.3700788 3.7913385 0 P 0
L 1.3700788 3.6574803 1.4409449 3.6574803 0 P 0
L 1.3700788 3.7913385 1.4409449 3.7913385 0 P 0
L 1.3799213 4.3641732 1.3799213 4.4862204 0 P 0
L 1.3799213 4.3641732 1.5019685 4.3641732 0 P 0
L 1.3799213 4.4862204 1.5019685 4.4862204 0 P 0
L 1.3858268 1.480315 1.3858268 1.5669291 0 P 0
L 1.3976379 3.5157481 1.3976379 3.5866142 0 P 0
L 1.3976379 3.5157481 1.5314961 3.5157481 0 P 0
L 1.3976379 3.5866142 1.5314961 3.5866142 0 P 0
L 1.4015748 4.5354329 1.4015748 4.590551 0 P 0
L 1.4015748 4.5354329 1.4881889 4.5354329 0 P 0
L 1.4015748 4.590551 1.4881889 4.590551 0 P 0
L 1.404488 0.043298 1.404488 0.0874802 2 P 0
L 1.404488 0.0874802 1.594488 0.0874802 2 P 0
L 1.4096457 2.6673228 1.4096457 2.9625984 0 P 0
L 1.4096457 2.6673228 1.8151575 2.6673228 0 P 0
L 1.4096457 2.9625984 1.8151575 2.9625984 0 P 0
L 1.4124017 1.5620079 1.4124017 1.6269685 0 P 0
L 1.4124017 1.5620079 1.5403545 1.5620079 0 P 0
L 1.4124017 1.6269685 1.5403545 1.6269685 0 P 0
L 1.4124017 2.7824803 1.4124017 2.8474409 0 P 0
L 1.4124017 2.7824803 1.5403545 2.7824803 0 P 0
L 1.4124017 2.8474409 1.5403545 2.8474409 0 P 0
L 1.4124017 3.3927165 1.4124017 3.4576771 0 P 0
L 1.4124017 3.3927165 1.5403545 3.3927165 0 P 0
L 1.4124017 3.4576771 1.5403545 3.4576771 0 P 0
L 1.4124017 4.0029527 1.4124017 4.0679133 0 P 0
L 1.4124017 4.0029527 1.5403545 4.0029527 0 P 0
L 1.4124017 4.0679133 1.5403545 4.0679133 0 P 0
L 1.4124017 4.6131889 1.4124017 4.6781495 0 P 0
L 1.4124017 4.6131889 1.5403545 4.6131889 0 P 0
L 1.4124017 4.6781495 1.5403545 4.6781495 0 P 0
L 1.4222442 2.1525591 1.4222442 2.2175197 0 P 0
L 1.4222442 2.1525591 1.550197 2.1525591 0 P 0
L 1.4222442 2.2175197 1.550197 2.2175197 0 P 0
L 1.4251969 2.3661417 1.4251969 2.4527558 0 P 0
L 1.4409449 3.6574803 1.4409449 3.7913385 0 P 0
L 1.4478977 1.2027559 1.4478977 1.3956693 0 P 0
L 1.4478977 1.2027559 1.6014411 1.2027559 0 P 0
L 1.4478977 1.3956693 1.6014411 1.3956693 0 P 0
L 1.4478977 2.4232283 1.4478977 2.6161417 0 P 0
L 1.4478977 2.4232283 1.6014411 2.4232283 0 P 0
L 1.4478977 2.6161417 1.6014411 2.6161417 0 P 0
L 1.4478977 3.0334645 1.4478977 3.2263779 0 P 0
L 1.4478977 3.0334645 1.6014411 3.0334645 0 P 0
L 1.4478977 3.2263779 1.6014411 3.2263779 0 P 0
L 1.4478977 3.6437007 1.4478977 3.8366141 0 P 0
L 1.4478977 3.6437007 1.6014411 3.6437007 0 P 0
L 1.4478977 3.8366141 1.6014411 3.8366141 0 P 0
L 1.4478977 4.2539369 1.4478977 4.4468503 0 P 0
L 1.4478977 4.2539369 1.6014411 4.2539369 0 P 0
L 1.4478977 4.4468503 1.6014411 4.4468503 0 P 0
L 1.4577402 1.7933071 1.4577402 1.9862205 0 P 0
L 1.4577402 1.7933071 1.6112836 1.7933071 0 P 0
L 1.4577402 1.9862205 1.6112836 1.9862205 0 P 0
L 1.4645669 3.6574803 1.4645669 3.7913385 0 P 0
L 1.4645669 3.6574803 1.535433 3.6574803 0 P 0
L 1.4645669 3.7913385 1.535433 3.7913385 0 P 0
L 1.4881889 4.5354329 1.4881889 4.590551 0 P 0
L 1.5019685 4.3641732 1.5019685 4.4862204 0 P 0
L 1.5314961 3.5157481 1.5314961 3.5866142 0 P 0
L 1.5314962 1.4192913 1.5314962 1.4744094 0 P 0
L 1.5314962 1.4192913 1.6181103 1.4192913 0 P 0
L 1.5314962 1.4744094 1.6181103 1.4744094 0 P 0
L 1.5314962 2.6397637 1.5314962 2.6948818 0 P 0
L 1.5314962 2.6397637 1.6181103 2.6397637 0 P 0
L 1.5314962 2.6948818 1.6181103 2.6948818 0 P 0
L 1.5314962 3.2499999 1.5314962 3.305118 0 P 0
L 1.5314962 3.2499999 1.6181103 3.2499999 0 P 0
L 1.5314962 3.305118 1.6181103 3.305118 0 P 0
L 1.5314962 3.8602361 1.5314962 3.9153542 0 P 0
L 1.5314962 3.8602361 1.6181103 3.8602361 0 P 0
L 1.5314962 3.9153542 1.6181103 3.9153542 0 P 0
L 1.5314962 4.4704723 1.5314962 4.5255904 0 P 0
L 1.5314962 4.4704723 1.6181103 4.4704723 0 P 0
L 1.5314962 4.5255904 1.6181103 4.5255904 0 P 0
L 1.535433 3.6574803 1.535433 3.7913385 0 P 0
L 1.5403545 1.5620079 1.5403545 1.6269685 0 P 0
L 1.5403545 2.7824803 1.5403545 2.8474409 0 P 0
L 1.5403545 3.3927165 1.5403545 3.4576771 0 P 0
L 1.5403545 4.0029527 1.5403545 4.0679133 0 P 0
L 1.5403545 4.6131889 1.5403545 4.6781495 0 P 0
L 1.5413387 2.0098425 1.5413387 2.0649606 0 P 0
L 1.5413387 2.0098425 1.6279528 2.0098425 0 P 0
L 1.5413387 2.0649606 1.6279528 2.0649606 0 P 0
L 1.5472441 3.2244095 1.5472441 3.3110236 0 P 0
L 1.5472441 3.2244095 1.6023622 3.2244095 0 P 0
L 1.5472441 3.3110236 1.6023622 3.3110236 0 P 0
L 1.550197 2.1525591 1.550197 2.2175197 0 P 0
L 1.5590551 0.4330709 1.5590551 0.6299213 0 P 0
L 1.5590551 0.4330709 1.7165354 0.4330709 0 P 0
L 1.5590551 0.6299213 1.7165354 0.6299213 0 P 0
L 1.5629921 3.7204724 1.5629921 3.8543306 0 P 0
L 1.5629921 3.7204724 1.6338582 3.7204724 0 P 0
L 1.5629921 3.8543306 1.6338582 3.8543306 0 P 0
L 1.5905512 4.484252 1.5905512 4.5708661 0 P 0
L 1.5905512 4.484252 1.6456693 4.484252 0 P 0
L 1.5905512 4.5708661 1.6456693 4.5708661 0 P 0
L 1.594488 0.043298 1.594488 0.0874802 2 P 0
L 1.6013781 1.5501968 1.6013781 1.6781496 0 P 0
L 1.6013781 1.5501968 1.6663387 1.5501968 0 P 0
L 1.6013781 1.6781496 1.6663387 1.6781496 0 P 0
L 1.6013781 2.7706692 1.6013781 2.898622 0 P 0
L 1.6013781 2.7706692 1.6663387 2.7706692 0 P 0
L 1.6013781 2.898622 1.6663387 2.898622 0 P 0
L 1.6013781 3.3809054 1.6013781 3.5088582 0 P 0
L 1.6013781 3.3809054 1.6663387 3.3809054 0 P 0
L 1.6013781 3.5088582 1.6663387 3.5088582 0 P 0
L 1.6013781 3.9911416 1.6013781 4.1190944 0 P 0
L 1.6013781 3.9911416 1.6663387 3.9911416 0 P 0
L 1.6013781 4.1190944 1.6663387 4.1190944 0 P 0
L 1.6013781 4.6013778 1.6013781 4.7293306 0 P 0
L 1.6013781 4.6013778 1.6663387 4.6013778 0 P 0
L 1.6013781 4.7293306 1.6663387 4.7293306 0 P 0
L 1.6014411 1.2027559 1.6014411 1.3956693 0 P 0
L 1.6014411 2.4232283 1.6014411 2.6161417 0 P 0
L 1.6014411 3.0334645 1.6014411 3.2263779 0 P 0
L 1.6014411 3.6437007 1.6014411 3.8366141 0 P 0
L 1.6014411 4.2539369 1.6014411 4.4468503 0 P 0
L 1.6023622 3.2244095 1.6023622 3.3110236 0 P 0
L 1.6112206 2.140748 1.6112206 2.2687008 0 P 0
L 1.6112206 2.140748 1.6761812 2.140748 0 P 0
L 1.6112206 2.2687008 1.6761812 2.2687008 0 P 0
L 1.6112836 1.7933071 1.6112836 1.9862205 0 P 0
L 1.6181103 1.4192913 1.6181103 1.4744094 0 P 0
L 1.6181103 2.6397637 1.6181103 2.6948818 0 P 0
L 1.6181103 3.2499999 1.6181103 3.305118 0 P 0
L 1.6181103 3.8602361 1.6181103 3.9153542 0 P 0
L 1.6181103 4.4704723 1.6181103 4.5255904 0 P 0
L 1.6279528 2.0098425 1.6279528 2.0649606 0 P 0
L 1.6338582 3.7204724 1.6338582 3.8543306 0 P 0
L 1.6456693 4.484252 1.6456693 4.5708661 0 P 0
L 1.6663387 1.5501968 1.6663387 1.6781496 0 P 0
L 1.6663387 2.7706692 1.6663387 2.898622 0 P 0
L 1.6663387 3.3809054 1.6663387 3.5088582 0 P 0
L 1.6663387 3.9911416 1.6663387 4.1190944 0 P 0
L 1.6663387 4.6013778 1.6663387 4.7293306 0 P 0
L 1.6761812 2.140748 1.6761812 2.2687008 0 P 0
L 1.6889759 0.71063 1.6889759 1.1791339 0 P 0
L 1.6889759 0.71063 1.9724404 0.71063 0 P 0
L 1.6889759 1.1791339 1.9724404 1.1791339 0 P 0
L 1.714567 3.2793307 1.714567 3.6848425 0 P 0
L 1.714567 3.2793307 2.0098426 3.2793307 0 P 0
L 1.714567 3.6848425 2.0098426 3.6848425 0 P 0
L 1.7165354 0.4330709 1.7165354 0.6299213 0 P 0
L 1.800197 2.9399606 1.800197 2.9950787 0 P 0
L 1.800197 2.9399606 1.8868111 2.9399606 0 P 0
L 1.800197 2.9950787 1.8868111 2.9950787 0 P 0
L 1.8151575 2.6673228 1.8151575 2.9625984 0 P 0
L 1.8651575 2.9429133 1.8651575 2.9980314 0 P 0
L 1.8651575 2.9429133 1.9517716 2.9429133 0 P 0
L 1.8651575 2.9980314 1.9517716 2.9980314 0 P 0
L 1.8868111 2.9399606 1.8868111 2.9950787 0 P 0
L 1.894488 0.043298 1.894488 0.0874802 2 P 0
L 1.894488 0.0874802 2.084488 0.0874802 2 P 0
L 1.9094488 0.4330709 1.9094488 0.6299213 0 P 0
L 1.9094488 0.4330709 2.0669291 0.4330709 0 P 0
L 1.9094488 0.6299213 2.0669291 0.6299213 0 P 0
L 1.9517716 2.9429133 1.9517716 2.9980314 0 P 0
L 1.9724404 0.71063 1.9724404 1.1791339 0 P 0
L 2.0098426 3.2793307 2.0098426 3.6848425 0 P 0
L 2.0590551 3.1535433 2.0590551 3.2401574 0 P 0
L 2.0590551 3.1535433 2.1141732 3.1535433 0 P 0
L 2.0590551 3.2401574 2.1141732 3.2401574 0 P 0
L 2.0669291 0.4330709 2.0669291 0.6299213 0 P 0
L 2.084488 0.043298 2.084488 0.0874802 2 P 0
L 2.1141732 3.1535433 2.1141732 3.2401574 0 P 0
L 2.1299123 1.2232343 2.1299123 2.0232343 2 P 0
L 2.1299123 1.2232343 2.3582579 1.2232343 2 P 0
L 2.1299123 1.2832283 2.1740945 1.2832283 2 P 0
L 2.1299123 1.4732283 2.1740945 1.4732283 2 P 0
L 2.1299123 1.7732283 2.1740945 1.7732283 2 P 0
L 2.1299123 1.9632283 2.1740945 1.9632283 2 P 0
L 2.1299123 2.0232343 2.3582579 2.0232343 2 P 0
L 2.1299123 2.1153603 2.1299123 2.9153603 2 P 0
L 2.1299123 2.1153603 2.3582579 2.1153603 2 P 0
L 2.1299123 2.1753543 2.1740945 2.1753543 2 P 0
L 2.1299123 2.3653543 2.1740945 2.3653543 2 P 0
L 2.1299123 2.6653543 2.1740945 2.6653543 2 P 0
L 2.1299123 2.8553543 2.1740945 2.8553543 2 P 0
L 2.1299123 2.9153603 2.3582579 2.9153603 2 P 0
L 2.1299123 3.2681162 2.1299123 4.0681162 2 P 0
L 2.1299123 3.2681162 2.3582579 3.2681162 2 P 0
L 2.1299123 3.3281102 2.1740945 3.3281102 2 P 0
L 2.1299123 3.5181102 2.1740945 3.5181102 2 P 0
L 2.1299123 3.8181102 2.1740945 3.8181102 2 P 0
L 2.1299123 4.0081102 2.1740945 4.0081102 2 P 0
L 2.1299123 4.0681162 2.3582579 4.0681162 2 P 0
L 2.144482 0.043298 2.144482 0.2716436 2 P 0
L 2.1740945 1.2832283 2.1740945 1.4732283 2 P 0
L 2.1740945 1.7732283 2.1740945 1.9632283 2 P 0
L 2.1740945 2.1753543 2.1740945 2.3653543 2 P 0
L 2.1740945 2.6653543 2.1740945 2.8553543 2 P 0
L 2.1740945 3.3281102 2.1740945 3.5181102 2 P 0
L 2.1740945 3.8181102 2.1740945 4.0081102 2 P 0
L 2.1870079 0.4291333 2.1870079 0.7125978 0 P 0
L 2.1870079 0.4291333 2.6555118 0.4291333 0 P 0
L 2.1870079 0.7125978 2.6555118 0.7125978 0 P 0
L 2.2844489 0.7913386 2.2844489 0.8779527 0 P 0
L 2.2844489 0.7913386 2.3375985 0.7913386 0 P 0
L 2.2844489 0.8779527 2.3375985 0.8779527 0 P 0
L 2.3375985 0.7913386 2.3375985 0.8779527 0 P 0
L 2.3582579 1.2232343 2.3582579 2.0232343 2 P 0
L 2.3582579 2.1153603 2.3582579 2.9153603 2 P 0
L 2.3582579 3.2681162 2.3582579 4.0681162 2 P 0
L 2.4252067 1.2232223 2.4252067 2.0232223 2 P 0
L 2.4252067 1.2232223 2.6535523 1.2232223 2 P 0
L 2.4252067 2.0232223 2.6535523 2.0232223 2 P 0
L 2.4252067 2.1153483 2.4252067 2.9153483 2 P 0
L 2.4252067 2.1153483 2.6535523 2.1153483 2 P 0
L 2.4252067 2.9153483 2.6535523 2.9153483 2 P 0
L 2.4252067 3.4027499 2.4252067 4.2027499 2 P 0
L 2.4252067 3.4027499 2.6535523 3.4027499 2 P 0
L 2.4252067 4.2027499 2.6535523 4.2027499 2 P 0
L 2.4950788 0.9005905 2.4950788 0.9655511 0 P 0
L 2.4950788 0.9005905 2.6230316 0.9005905 0 P 0
L 2.4950788 0.9655511 2.6230316 0.9655511 0 P 0
L 2.5354331 0.7962598 2.5354331 0.8494094 0 P 0
L 2.5354331 0.7962598 2.6220473 0.7962598 0 P 0
L 2.5354331 0.8494094 2.6220473 0.8494094 0 P 0
L 2.5629922 4.2795276 2.5629922 4.3503937 0 P 0
L 2.5629922 4.2795276 2.6968504 4.2795276 0 P 0
L 2.5629922 4.3503937 2.6968504 4.3503937 0 P 0
L 2.6093701 1.2832283 2.6093701 1.4732283 2 P 0
L 2.6093701 1.2832283 2.6535523 1.2832283 2 P 0
L 2.6093701 1.4732283 2.6535523 1.4732283 2 P 0
L 2.6093701 1.7732283 2.6093701 1.9632283 2 P 0
L 2.6093701 1.7732283 2.6535523 1.7732283 2 P 0
L 2.6093701 1.9632283 2.6535523 1.9632283 2 P 0
L 2.6093701 2.1753543 2.6093701 2.3653543 2 P 0
L 2.6093701 2.1753543 2.6535523 2.1753543 2 P 0
L 2.6093701 2.3653543 2.6535523 2.3653543 2 P 0
L 2.6093701 2.6653543 2.6093701 2.8553543 2 P 0
L 2.6093701 2.6653543 2.6535523 2.6653543 2 P 0
L 2.6093701 2.8553543 2.6535523 2.8553543 2 P 0
L 2.6093701 3.4627559 2.6093701 3.6527559 2 P 0
L 2.6093701 3.4627559 2.6535523 3.4627559 2 P 0
L 2.6093701 3.6527559 2.6535523 3.6527559 2 P 0
L 2.6093701 3.9527559 2.6093701 4.1427559 2 P 0
L 2.6093701 3.9527559 2.6535523 3.9527559 2 P 0
L 2.6093701 4.1427559 2.6535523 4.1427559 2 P 0
L 2.6220473 0.7962598 2.6220473 0.8494094 0 P 0
L 2.6230316 0.9005905 2.6230316 0.9655511 0 P 0
L 2.6535523 1.2232223 2.6535523 2.0232223 2 P 0
L 2.6535523 2.1153483 2.6535523 2.9153483 2 P 0
L 2.6535523 3.4027499 2.6535523 4.2027499 2 P 0
L 2.6555118 0.4291333 2.6555118 0.7125978 0 P 0
L 2.6614174 3.2086614 2.6614174 3.2952755 0 P 0
L 2.6614174 3.2086614 2.7165355 3.2086614 0 P 0
L 2.6614174 3.2952755 2.7165355 3.2952755 0 P 0
L 2.6771655 4.027559 2.6771655 4.1141731 0 P 0
L 2.6771655 4.027559 2.7322836 4.027559 0 P 0
L 2.6771655 4.1141731 2.7322836 4.1141731 0 P 0
L 2.6929135 2.531496 2.6929135 2.5866141 0 P 0
L 2.6929135 2.531496 2.7795276 2.531496 0 P 0
L 2.6929135 2.5866141 2.7795276 2.5866141 0 P 0
L 2.6948819 4.0846456 2.6948819 4.2460629 0 P 0
L 2.6948819 4.0846456 2.8562992 4.0846456 0 P 0
L 2.6948819 4.2460629 2.8562992 4.2460629 0 P 0
L 2.6968504 4.2795276 2.6968504 4.3503937 0 P 0
L 2.7007874 1.476378 2.7007874 1.5629921 0 P 0
L 2.7007874 1.476378 2.7559055 1.476378 0 P 0
L 2.7007874 1.5629921 2.7559055 1.5629921 0 P 0
L 2.7076772 0.6958661 2.7076772 0.8238189 0 P 0
L 2.7076772 0.6958661 2.7726378 0.6958661 0 P 0
L 2.7076772 0.8238189 2.7726378 0.8238189 0 P 0
L 2.7165355 3.2086614 2.7165355 3.2952755 0 P 0
L 2.7204724 1.5708661 2.7204724 1.6574802 0 P 0
L 2.7204724 1.5708661 2.7755905 1.5708661 0 P 0
L 2.7204724 1.6574802 2.7755905 1.6574802 0 P 0
L 2.726378 3.5059055 2.726378 3.9114173 0 P 0
L 2.726378 3.5059055 3.0216536 3.5059055 0 P 0
L 2.726378 3.9114173 3.0216536 3.9114173 0 P 0
L 2.7322836 4.027559 2.7322836 4.1141731 0 P 0
L 2.7559055 0.3149606 2.7559055 0.511811 0 P 0
L 2.7559055 0.3149606 2.9133858 0.3149606 0 P 0
L 2.7559055 0.511811 2.9133858 0.511811 0 P 0
L 2.7559055 1.476378 2.7559055 1.5629921 0 P 0
L 2.7594489 2.0870079 2.7594489 2.4925197 0 P 0
L 2.7594489 2.0870079 3.0547245 2.0870079 0 P 0
L 2.7594489 2.4925197 3.0547245 2.4925197 0 P 0
L 2.7726378 0.6958661 2.7726378 0.8238189 0 P 0
L 2.7755905 1.5708661 2.7755905 1.6574802 0 P 0
L 2.7795276 2.531496 2.7795276 2.5866141 0 P 0
L 2.798819 2.7698818 2.798819 3.1753936 0 P 0
L 2.798819 2.7698818 3.0940946 2.7698818 0 P 0
L 2.798819 3.1753936 3.0940946 3.1753936 0 P 0
L 2.8500001 1.5082676 2.8500001 1.9137794 0 P 0
L 2.8500001 1.5082676 3.1452757 1.5082676 0 P 0
L 2.8500001 1.9137794 3.1452757 1.9137794 0 P 0
L 2.8562992 4.0846456 2.8562992 4.2460629 0 P 0
L 2.8681103 1.5964567 2.8681103 1.7185039 0 P 0
L 2.8681103 1.5964567 2.9901575 1.5964567 0 P 0
L 2.8681103 1.7185039 2.9901575 1.7185039 0 P 0
L 2.8767657 0.0432981 2.8767657 0.2716437 2 P 0
L 2.8767657 0.0432981 3.6767657 0.0432981 2 P 0
L 2.8767657 0.2716437 3.6767657 0.2716437 2 P 0
L 2.9133858 0.3149606 2.9133858 0.511811 0 P 0
L 2.9367717 0.0432981 2.9367717 0.0874803 2 P 0
L 2.9367717 0.0874803 3.1267717 0.0874803 2 P 0
L 2.9488189 0.7637795 2.9488189 1.0472441 0 P 0
L 2.9488189 0.7637795 3.2322835 0.7637795 0 P 0
L 2.9488189 1.0472441 3.2322835 1.0472441 0 P 0
L 2.968504 1.5157481 2.968504 1.5708662 0 P 0
L 2.968504 1.5157481 3.0551181 1.5157481 0 P 0
L 2.968504 1.5708662 3.0551181 1.5708662 0 P 0
L 2.9901575 1.5964567 2.9901575 1.7185039 0 P 0
L 3.0216536 3.5059055 3.0216536 3.9114173 0 P 0
L 3.033071 3.2228346 3.033071 3.2779527 0 P 0
L 3.033071 3.2228346 3.1196851 3.2228346 0 P 0
L 3.033071 3.2779527 3.1196851 3.2779527 0 P 0
L 3.0547245 2.0870079 3.0547245 2.4925197 0 P 0
L 3.0551181 1.5157481 3.0551181 1.5708662 0 P 0
L 3.0748031 0.3149606 3.0748031 0.511811 0 P 0
L 3.0748031 0.3149606 3.2322834 0.3149606 0 P 0
L 3.0748031 0.511811 3.2322834 0.511811 0 P 0
L 3.0940946 2.7698818 3.0940946 3.1753936 0 P 0
L 3.1072835 1.7076771 3.1072835 1.8356299 0 P 0
L 3.1072835 1.7076771 3.1722441 1.7076771 0 P 0
L 3.1072835 1.8356299 3.1722441 1.8356299 0 P 0
L 3.1102362 1.547244 3.1102362 1.6338581 0 P 0
L 3.1102362 1.547244 3.1653543 1.547244 0 P 0
L 3.1102362 1.6338581 3.1653543 1.6338581 0 P 0
L 3.1155512 1.0187009 3.1155512 1.1466537 0 P 0
L 3.1155512 1.0187009 3.1805118 1.0187009 0 P 0
L 3.1155512 1.1466537 3.1805118 1.1466537 0 P 0
L 3.1155512 2.3172835 3.1155512 2.4452363 0 P 0
L 3.1155512 2.3172835 3.1805118 2.3172835 0 P 0
L 3.1155512 2.4452363 3.1805118 2.4452363 0 P 0
L 3.1155512 2.9665748 3.1155512 3.0945276 0 P 0
L 3.1155512 2.9665748 3.1805118 2.9665748 0 P 0
L 3.1155512 3.0945276 3.1805118 3.0945276 0 P 0
L 3.1155512 3.6158661 3.1155512 3.7438189 0 P 0
L 3.1155512 3.6158661 3.1805118 3.6158661 0 P 0
L 3.1155512 3.7438189 3.1805118 3.7438189 0 P 0
L 3.1155512 4.2651574 3.1155512 4.3931102 0 P 0
L 3.1155512 4.2651574 3.1805118 4.2651574 0 P 0
L 3.1155512 4.3931102 3.1805118 4.3931102 0 P 0
L 3.1181103 3.9291338 3.1181103 3.9842519 0 P 0
L 3.1181103 3.9291338 3.2047244 3.9291338 0 P 0
L 3.1181103 3.9842519 3.2047244 3.9842519 0 P 0
L 3.1196851 3.2228346 3.1196851 3.2779527 0 P 0
L 3.1267717 0.0432981 3.1267717 0.0874803 2 P 0
L 3.1452757 1.5082676 3.1452757 1.9137794 0 P 0
L 3.1653543 1.547244 3.1653543 1.6338581 0 P 0
L 3.1722441 1.7076771 3.1722441 1.8356299 0 P 0
L 3.1742126 0.6023622 3.1742126 0.6889764 0 P 0
L 3.1742126 0.6023622 3.2273622 0.6023622 0 P 0
L 3.1742126 0.6889764 3.2273622 0.6889764 0 P 0
L 3.1804488 1.3011812 3.1804488 1.4940946 0 P 0
L 3.1804488 1.3011812 3.3339922 1.3011812 0 P 0
L 3.1804488 1.4940946 3.3339922 1.4940946 0 P 0
L 3.1804488 1.9504725 3.1804488 2.1433859 0 P 0
L 3.1804488 1.9504725 3.3339922 1.9504725 0 P 0
L 3.1804488 2.1433859 3.3339922 2.1433859 0 P 0
L 3.1804488 2.5997637 3.1804488 2.7926771 0 P 0
L 3.1804488 2.5997637 3.3339922 2.5997637 0 P 0
L 3.1804488 2.7926771 3.3339922 2.7926771 0 P 0
L 3.1804488 3.249055 3.1804488 3.4419684 0 P 0
L 3.1804488 3.249055 3.3339922 3.249055 0 P 0
L 3.1804488 3.4419684 3.3339922 3.4419684 0 P 0
L 3.1804488 3.8983464 3.1804488 4.0912598 0 P 0
L 3.1804488 3.8983464 3.3339922 3.8983464 0 P 0
L 3.1804488 4.0912598 3.3339922 4.0912598 0 P 0
L 3.1804488 4.5476376 3.1804488 4.740551 0 P 0
L 3.1804488 4.5476376 3.3339922 4.5476376 0 P 0
L 3.1804488 4.740551 3.3339922 4.740551 0 P 0
L 3.1805118 1.0187009 3.1805118 1.1466537 0 P 0
L 3.1805118 2.3172835 3.1805118 2.4452363 0 P 0
L 3.1805118 2.9665748 3.1805118 3.0945276 0 P 0
L 3.1805118 3.6158661 3.1805118 3.7438189 0 P 0
L 3.1805118 4.2651574 3.1805118 4.3931102 0 P 0
L 3.1929134 3.7952756 3.1929134 3.8503937 0 P 0
L 3.1929134 3.7952756 3.2795275 3.7952756 0 P 0
L 3.1929134 3.8503937 3.2795275 3.8503937 0 P 0
L 3.2047244 3.9291338 3.2047244 3.9842519 0 P 0
L 3.2141733 2.4039371 3.2141733 2.4905512 0 P 0
L 3.2141733 2.4039371 3.2692914 2.4039371 0 P 0
L 3.2141733 2.4905512 3.2692914 2.4905512 0 P 0
L 3.2273622 0.6023622 3.2273622 0.6889764 0 P 0
L 3.2322834 0.3149606 3.2322834 0.511811 0 P 0
L 3.2322835 0.7637795 3.2322835 1.0472441 0 P 0
L 3.2415354 1.069882 3.2415354 1.1348426 0 P 0
L 3.2415354 1.069882 3.3694882 1.069882 0 P 0
L 3.2415354 1.1348426 3.3694882 1.1348426 0 P 0
L 3.2415354 1.7191733 3.2415354 1.7841339 0 P 0
L 3.2415354 1.7191733 3.3694882 1.7191733 0 P 0
L 3.2415354 1.7841339 3.3694882 1.7841339 0 P 0
L 3.2415354 2.3684646 3.2415354 2.4334252 0 P 0
L 3.2415354 2.3684646 3.3694882 2.3684646 0 P 0
L 3.2415354 2.4334252 3.3694882 2.4334252 0 P 0
L 3.2415354 3.0177559 3.2415354 3.0827165 0 P 0
L 3.2415354 3.0177559 3.3694882 3.0177559 0 P 0
L 3.2415354 3.0827165 3.3694882 3.0827165 0 P 0
L 3.2415354 3.6670472 3.2415354 3.7320078 0 P 0
L 3.2415354 3.6670472 3.3694882 3.6670472 0 P 0
L 3.2415354 3.7320078 3.3694882 3.7320078 0 P 0
L 3.2415354 4.3163385 3.2415354 4.3812991 0 P 0
L 3.2415354 4.3163385 3.3694882 4.3163385 0 P 0
L 3.2415354 4.3812991 3.3694882 4.3812991 0 P 0
L 3.2440945 1.8661418 3.2440945 1.9527559 0 P 0
L 3.2440945 1.8661418 3.2992126 1.8661418 0 P 0
L 3.2440945 1.9527559 3.2992126 1.9527559 0 P 0
L 3.2692914 2.4039371 3.2692914 2.4905512 0 P 0
L 3.2746064 0.4596457 3.2746064 0.5127953 0 P 0
L 3.2746064 0.4596457 3.3612206 0.4596457 0 P 0
L 3.2746064 0.5127953 3.3612206 0.5127953 0 P 0
L 3.2755907 0.5826772 3.2755907 0.6377953 0 P 0
L 3.2755907 0.5826772 3.3622048 0.5826772 0 P 0
L 3.2755907 0.6377953 3.3622048 0.6377953 0 P 0
L 3.2795275 3.7952756 3.2795275 3.8503937 0 P 0
L 3.2858268 1.1929136 3.2858268 1.2480317 0 P 0
L 3.2858268 1.1929136 3.3724409 1.1929136 0 P 0
L 3.2858268 1.2480317 3.3724409 1.2480317 0 P 0
L 3.2858268 1.8422049 3.2858268 1.897323 0 P 0
L 3.2858268 1.8422049 3.3724409 1.8422049 0 P 0
L 3.2858268 1.897323 3.3724409 1.897323 0 P 0
L 3.2858268 2.4914962 3.2858268 2.5466143 0 P 0
L 3.2858268 2.4914962 3.3724409 2.4914962 0 P 0
L 3.2858268 2.5466143 3.3724409 2.5466143 0 P 0
L 3.2858268 3.1407875 3.2858268 3.1959056 0 P 0
L 3.2858268 3.1407875 3.3724409 3.1407875 0 P 0
L 3.2858268 3.1959056 3.3724409 3.1959056 0 P 0
L 3.2858268 4.4393701 3.2858268 4.4944882 0 P 0
L 3.2858268 4.4393701 3.3724409 4.4393701 0 P 0
L 3.2858268 4.4944882 3.3724409 4.4944882 0 P 0
L 3.2972442 0.992126 3.2972442 1.0629921 0 P 0
L 3.2972442 0.992126 3.4311024 0.992126 0 P 0
L 3.2972442 1.0629921 3.4311024 1.0629921 0 P 0
L 3.2992126 1.8661418 3.2992126 1.9527559 0 P 0
L 3.2992127 0.8897638 3.2992127 0.9606299 0 P 0
L 3.2992127 0.8897638 3.4330709 0.8897638 0 P 0
L 3.2992127 0.9606299 3.4330709 0.9606299 0 P 0
L 3.3267717 1.562992 3.3267717 1.6338581 0 P 0
L 3.3267717 1.562992 3.4606299 1.562992 0 P 0
L 3.3267717 1.6338581 3.4606299 1.6338581 0 P 0
L 3.3267717 1.6653542 3.3267717 1.7362203 0 P 0
L 3.3267717 1.6653542 3.4606299 1.6653542 0 P 0
L 3.3267717 1.7362203 3.4606299 1.7362203 0 P 0
L 3.3339922 1.3011812 3.3339922 1.4940946 0 P 0
L 3.3339922 1.9504725 3.3339922 2.1433859 0 P 0
L 3.3339922 2.5997637 3.3339922 2.7926771 0 P 0
L 3.3339922 3.249055 3.3339922 3.4419684 0 P 0
L 3.3339922 3.8983464 3.3339922 4.0912598 0 P 0
L 3.3339922 4.5476376 3.3339922 4.740551 0 P 0
L 3.3425197 1.394685 3.3425197 1.4478346 0 P 0
L 3.3425197 1.394685 3.4291339 1.394685 0 P 0
L 3.3425197 1.4478346 3.4291339 1.4478346 0 P 0
L 3.3425197 1.4812991 3.3425197 1.5344487 0 P 0
L 3.3425197 1.4812991 3.4291339 1.4812991 0 P 0
L 3.3425197 1.5344487 3.4291339 1.5344487 0 P 0
L 3.3523622 4.1043306 3.3523622 4.2657479 0 P 0
L 3.3523622 4.1043306 3.5137795 4.1043306 0 P 0
L 3.3523622 4.2657479 3.5137795 4.2657479 0 P 0
L 3.3533465 1.1722441 3.3533465 1.3001969 0 P 0
L 3.3533465 1.1722441 3.4183071 1.1722441 0 P 0
L 3.3533465 1.3001969 3.4183071 1.3001969 0 P 0
L 3.3612206 0.4596457 3.3612206 0.5127953 0 P 0
L 3.3622048 0.5826772 3.3622048 0.6377953 0 P 0
L 3.3694882 1.069882 3.3694882 1.1348426 0 P 0
L 3.3694882 1.7191733 3.3694882 1.7841339 0 P 0
L 3.3694882 2.3684646 3.3694882 2.4334252 0 P 0
L 3.3694882 3.0177559 3.3694882 3.0827165 0 P 0
L 3.3694882 3.6670472 3.3694882 3.7320078 0 P 0
L 3.3694882 4.3163385 3.3694882 4.3812991 0 P 0
L 3.3724409 1.1929136 3.3724409 1.2480317 0 P 0
L 3.3724409 1.8422049 3.3724409 1.897323 0 P 0
L 3.3724409 2.4914962 3.3724409 2.5466143 0 P 0
L 3.3724409 3.1407875 3.3724409 3.1959056 0 P 0
L 3.3724409 4.4393701 3.3724409 4.4944882 0 P 0
L 3.3937007 0.3149606 3.3937007 0.511811 0 P 0
L 3.3937007 0.3149606 3.551181 0.3149606 0 P 0
L 3.3937007 0.511811 3.551181 0.511811 0 P 0
L 3.4015749 4.3385827 3.4015749 4.4094488 0 P 0
L 3.4015749 4.3385827 3.5354331 4.3385827 0 P 0
L 3.4015749 4.4094488 3.5354331 4.4094488 0 P 0
L 3.4045276 0.6545275 3.4045276 0.7234252 0 P 0
L 3.4045276 0.6545275 3.5246063 0.6545275 0 P 0
L 3.4045276 0.7234252 3.5246063 0.7234252 0 P 0
L 3.4183071 1.1722441 3.4183071 1.3001969 0 P 0
L 3.4267717 0.0432981 3.4267717 0.0874803 2 P 0
L 3.4267717 0.0874803 3.6167717 0.0874803 2 P 0
L 3.4291339 1.394685 3.4291339 1.4478346 0 P 0
L 3.4291339 1.4812991 3.4291339 1.5344487 0 P 0
L 3.4311024 0.992126 3.4311024 1.0629921 0 P 0
L 3.4330709 0.8897638 3.4330709 0.9606299 0 P 0
L 3.453937 1.0877903 3.453937 1.1744044 0 P 0
L 3.453937 1.0877903 3.5090551 1.0877903 0 P 0
L 3.453937 1.1744044 3.5090551 1.1744044 0 P 0
L 3.453937 1.7767283 3.453937 1.8633424 0 P 0
L 3.453937 1.7767283 3.5090551 1.7767283 0 P 0
L 3.453937 1.8633424 3.5090551 1.8633424 0 P 0
L 3.453937 2.4656663 3.453937 2.5522804 0 P 0
L 3.453937 2.4656663 3.5090551 2.4656663 0 P 0
L 3.453937 2.5522804 3.5090551 2.5522804 0 P 0
L 3.453937 3.1546043 3.453937 3.2412184 0 P 0
L 3.453937 3.1546043 3.5090551 3.1546043 0 P 0
L 3.453937 3.2412184 3.5090551 3.2412184 0 P 0
L 3.4606299 1.562992 3.4606299 1.6338581 0 P 0
L 3.4606299 1.6653542 3.4606299 1.7362203 0 P 0
L 3.488189 1.1807136 3.488189 1.5409498 1 P 0
L 3.488189 1.1807136 3.9271654 1.1807136 1 P 0
L 3.488189 1.2435181 3.488189 1.2655653 1 P 0
L 3.488189 1.2435181 3.488189 1.2655653 1 P 0
L 3.488189 1.2789481 3.488189 1.3009953 1 P 0
L 3.488189 1.2789481 3.488189 1.3009953 1 P 0
L 3.488189 1.3143781 3.488189 1.3364253 1 P 0
L 3.488189 1.3143781 3.488189 1.3364253 1 P 0
L 3.488189 1.3498081 3.488189 1.3718553 1 P 0
L 3.488189 1.3498081 3.488189 1.3718553 1 P 0
L 3.488189 1.3852381 3.488189 1.4072853 1 P 0
L 3.488189 1.3852381 3.488189 1.4072853 1 P 0
L 3.488189 1.4206681 3.488189 1.4427153 1 P 0
L 3.488189 1.4206681 3.488189 1.4427153 1 P 0
L 3.488189 1.4560981 3.488189 1.4781453 1 P 0
L 3.488189 1.4560981 3.488189 1.4781453 1 P 0
L 3.488189 1.4909498 3.538189 1.5409498 1 P 0
L 3.488189 1.5409498 3.9271654 1.5409498 1 P 0
L 3.5090551 1.0877903 3.5090551 1.1744044 0 P 0
L 3.5090551 1.7767283 3.5090551 1.8633424 0 P 0
L 3.5090551 2.4656663 3.5090551 2.5522804 0 P 0
L 3.5090551 3.1546043 3.5090551 3.2412184 0 P 0
L 3.5137795 4.1043306 3.5137795 4.2657479 0 P 0
L 3.5246063 0.6545275 3.5246063 0.7234252 0 P 0
L 3.5354331 4.3385827 3.5354331 4.4094488 0 P 0
L 3.5393701 0.7401574 3.5393701 0.8740156 0 P 0
L 3.5393701 0.7401574 3.6102362 0.7401574 0 P 0
L 3.5393701 0.8740156 3.6102362 0.8740156 0 P 0
L 3.551181 0.3149606 3.551181 0.511811 0 P 0
L 3.5511811 1.0875984 3.5511811 1.140748 0 P 0
L 3.5511811 1.0875984 3.6377953 1.0875984 0 P 0
L 3.5511811 1.140748 3.6377953 1.140748 0 P 0
L 3.5549336 1.1807136 3.5769808 1.1807136 1 P 0
L 3.5549336 1.1807136 3.5769808 1.1807136 1 P 0
L 3.5549336 1.5409498 3.5769808 1.5409498 1 P 0
L 3.5549336 1.5409498 3.5769808 1.5409498 1 P 0
L 3.5562993 0.89094 3.5562993 0.9775541 0 P 0
L 3.5562993 0.89094 3.6114174 0.89094 0 P 0
L 3.5562993 0.9775541 3.6114174 0.9775541 0 P 0
L 3.5562993 1.579878 3.5562993 1.6664921 0 P 0
L 3.5562993 1.579878 3.6114174 1.579878 0 P 0
L 3.5562993 1.6664921 3.6114174 1.6664921 0 P 0
L 3.5562993 2.268816 3.5562993 2.3554301 0 P 0
L 3.5562993 2.268816 3.6114174 2.268816 0 P 0
L 3.5562993 2.3554301 3.6114174 2.3554301 0 P 0
L 3.5562993 2.957754 3.5562993 3.0443681 0 P 0
L 3.5562993 2.957754 3.6114174 2.957754 0 P 0
L 3.5562993 3.0443681 3.6114174 3.0443681 0 P 0
L 3.5562993 3.646692 3.5562993 3.7333061 0 P 0
L 3.5562993 3.646692 3.6114174 3.646692 0 P 0
L 3.5562993 3.7333061 3.6114174 3.7333061 0 P 0
L 3.5562993 4.33563 3.5562993 4.4222441 0 P 0
L 3.5562993 4.33563 3.6114174 4.33563 0 P 0
L 3.5562993 4.4222441 3.6114174 4.4222441 0 P 0
L 3.5629922 0.9251968 3.5629922 0.9803149 0 P 0
L 3.5629922 0.9251968 3.6496063 0.9251968 0 P 0
L 3.5629922 0.9803149 3.6496063 0.9803149 0 P 0
L 3.5669292 1.0088582 3.5669292 1.0620078 0 P 0
L 3.5669292 1.0088582 3.6535434 1.0088582 0 P 0
L 3.5669292 1.0620078 3.6535434 1.0620078 0 P 0
L 3.5708662 4.6299213 3.5708662 4.7165354 0 P 0
L 3.5708662 4.6299213 3.6259843 4.6299213 0 P 0
L 3.5708662 4.7165354 3.6259843 4.7165354 0 P 0
L 3.5787403 3.972441 3.5787403 4.0590551 0 P 0
L 3.5787403 3.972441 3.6338584 3.972441 0 P 0
L 3.5787403 4.0590551 3.6338584 4.0590551 0 P 0
L 3.5903636 1.1807136 3.6124108 1.1807136 1 P 0
L 3.5903636 1.1807136 3.6124108 1.1807136 1 P 0
L 3.5903636 1.5409498 3.6124108 1.5409498 1 P 0
L 3.5903636 1.5409498 3.6124108 1.5409498 1 P 0
L 3.6102362 0.7401574 3.6102362 0.8740156 0 P 0
L 3.6114174 0.89094 3.6114174 0.9775541 0 P 0
L 3.6114174 1.579878 3.6114174 1.6664921 0 P 0
L 3.6114174 2.268816 3.6114174 2.3554301 0 P 0
L 3.6114174 2.957754 3.6114174 3.0443681 0 P 0
L 3.6114174 3.646692 3.6114174 3.7333061 0 P 0
L 3.6114174 4.33563 3.6114174 4.4222441 0 P 0
L 3.6133859 1.0267666 3.6133859 1.1488138 0 P 0
L 3.6133859 1.0267666 3.7354331 1.0267666 0 P 0
L 3.6133859 1.1488138 3.7354331 1.1488138 0 P 0
L 3.6133859 1.7157047 3.6133859 1.8377519 0 P 0
L 3.6133859 1.7157047 3.7354331 1.7157047 0 P 0
L 3.6133859 1.8377519 3.7354331 1.8377519 0 P 0
L 3.6133859 2.4046426 3.6133859 2.5266898 0 P 0
L 3.6133859 2.4046426 3.7354331 2.4046426 0 P 0
L 3.6133859 2.5266898 3.7354331 2.5266898 0 P 0
L 3.6133859 3.0935807 3.6133859 3.2156279 0 P 0
L 3.6133859 3.0935807 3.7354331 3.0935807 0 P 0
L 3.6133859 3.2156279 3.7354331 3.2156279 0 P 0
L 3.6133859 3.7825186 3.6133859 3.9045658 0 P 0
L 3.6133859 3.7825186 3.7354331 3.7825186 0 P 0
L 3.6133859 3.9045658 3.7354331 3.9045658 0 P 0
L 3.6133859 4.4714566 3.6133859 4.5935038 0 P 0
L 3.6133859 4.4714566 3.7354331 4.4714566 0 P 0
L 3.6133859 4.5935038 3.7354331 4.5935038 0 P 0
L 3.6167717 0.0432981 3.6167717 0.0874803 2 P 0
L 3.6257936 1.1807136 3.6478408 1.1807136 1 P 0
L 3.6257936 1.1807136 3.6478408 1.1807136 1 P 0
L 3.6257936 1.5409498 3.6478408 1.5409498 1 P 0
L 3.6257936 1.5409498 3.6478408 1.5409498 1 P 0
L 3.6259843 4.6299213 3.6259843 4.7165354 0 P 0
L 3.6338584 3.972441 3.6338584 4.0590551 0 P 0
L 3.6377953 0.7362205 3.6377953 0.8700787 0 P 0
L 3.6377953 0.7362205 3.7086614 0.7362205 0 P 0
L 3.6377953 0.8700787 3.7086614 0.8700787 0 P 0
L 3.6377953 1.0875984 3.6377953 1.140748 0 P 0
L 3.6456694 0.5866141 3.6456694 0.6732282 0 P 0
L 3.6456694 0.5866141 3.7007875 0.5866141 0 P 0
L 3.6456694 0.6732282 3.7007875 0.6732282 0 P 0
L 3.6496063 0.9251968 3.6496063 0.9803149 0 P 0
L 3.6535434 1.0088582 3.6535434 1.0620078 0 P 0
L 3.6612236 1.1807136 3.6832708 1.1807136 1 P 0
L 3.6612236 1.1807136 3.6832708 1.1807136 1 P 0
L 3.6612236 1.5409498 3.6832708 1.5409498 1 P 0
L 3.6612236 1.5409498 3.6832708 1.5409498 1 P 0
L 3.6704726 0.8643651 3.6704726 0.9175147 0 P 0
L 3.6704726 0.8643651 3.7570868 0.8643651 0 P 0
L 3.6704726 0.9175147 3.7570868 0.9175147 0 P 0
L 3.6704726 1.5533031 3.6704726 1.6064527 0 P 0
L 3.6704726 1.5533031 3.7570868 1.5533031 0 P 0
L 3.6704726 1.6064527 3.7570868 1.6064527 0 P 0
L 3.6704726 2.2422411 3.6704726 2.2953907 0 P 0
L 3.6704726 2.2422411 3.7570868 2.2422411 0 P 0
L 3.6704726 2.2953907 3.7570868 2.2953907 0 P 0
L 3.6704726 2.9311791 3.6704726 2.9843287 0 P 0
L 3.6704726 2.9311791 3.7570868 2.9311791 0 P 0
L 3.6704726 2.9843287 3.7570868 2.9843287 0 P 0
L 3.6704726 3.6201171 3.6704726 3.6732667 0 P 0
L 3.6704726 3.6201171 3.7570868 3.6201171 0 P 0
L 3.6704726 3.6732667 3.7570868 3.6732667 0 P 0
L 3.6704726 4.3090551 3.6704726 4.3622047 0 P 0
L 3.6704726 4.3090551 3.7570868 4.3090551 0 P 0
L 3.6704726 4.3622047 3.7570868 4.3622047 0 P 0
L 3.6767657 0.0432981 3.6767657 0.2716437 2 P 0
L 3.6822835 1.1990108 3.6822835 1.2521604 0 P 0
L 3.6822835 1.1990108 3.7688977 1.1990108 0 P 0
L 3.6822835 1.2521604 3.7688977 1.2521604 0 P 0
L 3.6822835 1.8879488 3.6822835 1.9410984 0 P 0
L 3.6822835 1.8879488 3.7688977 1.8879488 0 P 0
L 3.6822835 1.9410984 3.7688977 1.9410984 0 P 0
L 3.6822835 2.5768868 3.6822835 2.6300364 0 P 0
L 3.6822835 2.5768868 3.7688977 2.5768868 0 P 0
L 3.6822835 2.6300364 3.7688977 2.6300364 0 P 0
L 3.6822835 3.2658248 3.6822835 3.3189744 0 P 0
L 3.6822835 3.2658248 3.7688977 3.2658248 0 P 0
L 3.6822835 3.3189744 3.7688977 3.3189744 0 P 0
L 3.6822835 3.9547628 3.6822835 4.0079124 0 P 0
L 3.6822835 3.9547628 3.7688977 3.9547628 0 P 0
L 3.6822835 4.0079124 3.7688977 4.0079124 0 P 0
L 3.6822835 4.6437008 3.6822835 4.6968504 0 P 0
L 3.6822835 4.6437008 3.7688977 4.6437008 0 P 0
L 3.6822835 4.6968504 3.7688977 4.6968504 0 P 0
L 3.6966536 1.1807136 3.7187008 1.1807136 1 P 0
L 3.6966536 1.1807136 3.7187008 1.1807136 1 P 0
L 3.6966536 1.5409498 3.7187008 1.5409498 1 P 0
L 3.6966536 1.5409498 3.7187008 1.5409498 1 P 0
L 3.7007875 0.5866141 3.7007875 0.6732282 0 P 0
L 3.7086614 0.7362205 3.7086614 0.8700787 0 P 0
L 3.7125983 0.3149606 3.7125983 0.511811 0 P 0
L 3.7125983 0.3149606 3.8700786 0.3149606 0 P 0
L 3.7125983 0.511811 3.8700786 0.511811 0 P 0
L 3.7320836 1.1807136 3.7541308 1.1807136 1 P 0
L 3.7320836 1.1807136 3.7541308 1.1807136 1 P 0
L 3.7320836 1.5409498 3.7541308 1.5409498 1 P 0
L 3.7320836 1.5409498 3.7541308 1.5409498 1 P 0
L 3.7354331 1.0267666 3.7354331 1.1488138 0 P 0
L 3.7354331 1.7157047 3.7354331 1.8377519 0 P 0
L 3.7354331 2.4046426 3.7354331 2.5266898 0 P 0
L 3.7354331 3.0935807 3.7354331 3.2156279 0 P 0
L 3.7354331 3.7825186 3.7354331 3.9045658 0 P 0
L 3.7354331 4.4714566 3.7354331 4.5935038 0 P 0
L 3.7519686 0.9724409 3.7519686 1.043307 0 P 0
L 3.7519686 0.9724409 3.8858268 0.9724409 0 P 0
L 3.7519686 1.043307 3.8858268 1.043307 0 P 0
L 3.7570868 0.8643651 3.7570868 0.9175147 0 P 0
L 3.7570868 1.5533031 3.7570868 1.6064527 0 P 0
L 3.7570868 2.2422411 3.7570868 2.2953907 0 P 0
L 3.7570868 2.9311791 3.7570868 2.9843287 0 P 0
L 3.7570868 3.6201171 3.7570868 3.6732667 0 P 0
L 3.7570868 4.3090551 3.7570868 4.3622047 0 P 0
L 3.7675136 1.1807136 3.7895608 1.1807136 1 P 0
L 3.7675136 1.1807136 3.7895608 1.1807136 1 P 0
L 3.7675136 1.5409498 3.7895608 1.5409498 1 P 0
L 3.7675136 1.5409498 3.7895608 1.5409498 1 P 0
L 3.7688977 1.1990108 3.7688977 1.2521604 0 P 0
L 3.7688977 1.8879488 3.7688977 1.9410984 0 P 0
L 3.7688977 2.5768868 3.7688977 2.6300364 0 P 0
L 3.7688977 3.2658248 3.7688977 3.3189744 0 P 0
L 3.7688977 3.9547628 3.7688977 4.0079124 0 P 0
L 3.7688977 4.6437008 3.7688977 4.6968504 0 P 0
L 3.8029436 1.1807136 3.8249908 1.1807136 1 P 0
L 3.8029436 1.1807136 3.8249908 1.1807136 1 P 0
L 3.8029436 1.5409498 3.8249908 1.5409498 1 P 0
L 3.8029436 1.5409498 3.8249908 1.5409498 1 P 0
L 3.8210631 0.9854281 3.8210631 1.0720423 0 P 0
L 3.8210631 0.9854281 3.8742127 0.9854281 0 P 0
L 3.8210631 1.0720423 3.8742127 1.0720423 0 P 0
L 3.8210631 1.6743661 3.8210631 1.7609803 0 P 0
L 3.8210631 1.6743661 3.8742127 1.6743661 0 P 0
L 3.8210631 1.7609803 3.8742127 1.7609803 0 P 0
L 3.8210631 2.3633041 3.8210631 2.4499183 0 P 0
L 3.8210631 2.3633041 3.8742127 2.3633041 0 P 0
L 3.8210631 2.4499183 3.8742127 2.4499183 0 P 0
L 3.8210631 3.0522421 3.8210631 3.1388563 0 P 0
L 3.8210631 3.0522421 3.8742127 3.0522421 0 P 0
L 3.8210631 3.1388563 3.8742127 3.1388563 0 P 0
L 3.8210631 3.7411801 3.8210631 3.8277943 0 P 0
L 3.8210631 3.7411801 3.8742127 3.7411801 0 P 0
L 3.8210631 3.8277943 3.8742127 3.8277943 0 P 0
L 3.8210631 4.4301181 3.8210631 4.5167323 0 P 0
L 3.8210631 4.4301181 3.8742127 4.4301181 0 P 0
L 3.8210631 4.5167323 3.8742127 4.5167323 0 P 0
L 3.8289371 1.1429084 3.8289371 1.2295226 0 P 0
L 3.8289371 1.1429084 3.8820867 1.1429084 0 P 0
L 3.8289371 1.2295226 3.8820867 1.2295226 0 P 0
L 3.8289371 1.8318464 3.8289371 1.9184606 0 P 0
L 3.8289371 1.8318464 3.8820867 1.8318464 0 P 0
L 3.8289371 1.9184606 3.8820867 1.9184606 0 P 0
L 3.8289371 2.5207844 3.8289371 2.6073986 0 P 0
L 3.8289371 2.5207844 3.8820867 2.5207844 0 P 0
L 3.8289371 2.6073986 3.8820867 2.6073986 0 P 0
L 3.8289371 3.2097224 3.8289371 3.2963366 0 P 0
L 3.8289371 3.2097224 3.8820867 3.2097224 0 P 0
L 3.8289371 3.2963366 3.8820867 3.2963366 0 P 0
L 3.8289371 3.8986604 3.8289371 3.9852746 0 P 0
L 3.8289371 3.8986604 3.8820867 3.8986604 0 P 0
L 3.8289371 3.9852746 3.8820867 3.9852746 0 P 0
L 3.8289371 4.5875984 3.8289371 4.6742126 0 P 0
L 3.8289371 4.5875984 3.8820867 4.5875984 0 P 0
L 3.8289371 4.6742126 3.8820867 4.6742126 0 P 0
L 3.8318899 0.8643651 3.8318899 0.9175147 0 P 0
L 3.8318899 0.8643651 3.9185041 0.8643651 0 P 0
L 3.8318899 0.9175147 3.9185041 0.9175147 0 P 0
L 3.8318899 1.5533031 3.8318899 1.6064527 0 P 0
L 3.8318899 1.5533031 3.9185041 1.5533031 0 P 0
L 3.8318899 1.6064527 3.9185041 1.6064527 0 P 0
L 3.8318899 2.2422411 3.8318899 2.2953907 0 P 0
L 3.8318899 2.2422411 3.9185041 2.2422411 0 P 0
L 3.8318899 2.2953907 3.9185041 2.2953907 0 P 0
L 3.8318899 2.9311791 3.8318899 2.9843287 0 P 0
L 3.8318899 2.9311791 3.9185041 2.9311791 0 P 0
L 3.8318899 2.9843287 3.9185041 2.9843287 0 P 0
L 3.8318899 3.6201171 3.8318899 3.6732667 0 P 0
L 3.8318899 3.6201171 3.9185041 3.6201171 0 P 0
L 3.8318899 3.6732667 3.9185041 3.6732667 0 P 0
L 3.8318899 4.3090551 3.8318899 4.3622047 0 P 0
L 3.8318899 4.3090551 3.9185041 4.3090551 0 P 0
L 3.8318899 4.3622047 3.9185041 4.3622047 0 P 0
L 3.8383736 1.1807136 3.8604208 1.1807136 1 P 0
L 3.8383736 1.1807136 3.8604208 1.1807136 1 P 0
L 3.8383736 1.5409498 3.8604208 1.5409498 1 P 0
L 3.8383736 1.5409498 3.8604208 1.5409498 1 P 0
L 3.8610177 0.0432981 3.8610177 0.2716437 2 P 0
L 3.8610177 0.0432981 4.6610177 0.0432981 2 P 0
L 3.8610177 0.2716437 4.6610177 0.2716437 2 P 0
L 3.8700786 0.3149606 3.8700786 0.511811 0 P 0
L 3.8742127 0.9854281 3.8742127 1.0720423 0 P 0
L 3.8742127 1.6743661 3.8742127 1.7609803 0 P 0
L 3.8742127 2.3633041 3.8742127 2.4499183 0 P 0
L 3.8742127 3.0522421 3.8742127 3.1388563 0 P 0
L 3.8742127 3.7411801 3.8742127 3.8277943 0 P 0
L 3.8742127 4.4301181 3.8742127 4.5167323 0 P 0
L 3.8779528 1.6062992 3.8779528 1.7401574 0 P 0
L 3.8779528 1.6062992 3.9488189 1.6062992 0 P 0
L 3.8779528 1.7401574 3.9488189 1.7401574 0 P 0
L 3.8820867 1.1429084 3.8820867 1.2295226 0 P 0
L 3.8820867 1.8318464 3.8820867 1.9184606 0 P 0
L 3.8820867 2.5207844 3.8820867 2.6073986 0 P 0
L 3.8820867 3.2097224 3.8820867 3.2963366 0 P 0
L 3.8820867 3.8986604 3.8820867 3.9852746 0 P 0
L 3.8820867 4.5875984 3.8820867 4.6742126 0 P 0
L 3.8858268 0.9724409 3.8858268 1.043307 0 P 0
L 3.9185041 0.8643651 3.9185041 0.9175147 0 P 0
L 3.9185041 1.5533031 3.9185041 1.6064527 0 P 0
L 3.9185041 2.2422411 3.9185041 2.2953907 0 P 0
L 3.9185041 2.9311791 3.9185041 2.9843287 0 P 0
L 3.9185041 3.6201171 3.9185041 3.6732667 0 P 0
L 3.9185041 4.3090551 3.9185041 4.3622047 0 P 0
L 3.9210237 0.0432981 3.9210237 0.0874803 2 P 0
L 3.9210237 0.0874803 4.1110237 0.0874803 2 P 0
L 3.9271654 1.1807136 3.9271654 1.5409498 1 P 0
L 3.9271654 1.2435181 3.9271654 1.2655653 1 P 0
L 3.9271654 1.2435181 3.9271654 1.2655653 1 P 0
L 3.9271654 1.2789481 3.9271654 1.3009953 1 P 0
L 3.9271654 1.2789481 3.9271654 1.3009953 1 P 0
L 3.9271654 1.3143781 3.9271654 1.3364253 1 P 0
L 3.9271654 1.3143781 3.9271654 1.3364253 1 P 0
L 3.9271654 1.3498081 3.9271654 1.3718553 1 P 0
L 3.9271654 1.3498081 3.9271654 1.3718553 1 P 0
L 3.9271654 1.3852381 3.9271654 1.4072853 1 P 0
L 3.9271654 1.3852381 3.9271654 1.4072853 1 P 0
L 3.9271654 1.4206681 3.9271654 1.4427153 1 P 0
L 3.9271654 1.4206681 3.9271654 1.4427153 1 P 0
L 3.9271654 1.4560981 3.9271654 1.4781453 1 P 0
L 3.9271654 1.4560981 3.9271654 1.4781453 1 P 0
L 3.9488189 1.6062992 3.9488189 1.7401574 0 P 0
L 3.9724411 1.0669291 3.9724411 1.2007873 0 P 0
L 3.9724411 1.0669291 4.0433072 1.0669291 0 P 0
L 3.9724411 1.2007873 4.0433072 1.2007873 0 P 0
L 3.984252 4.6584645 3.984252 4.7116141 0 P 0
L 3.984252 4.6584645 4.0708662 4.6584645 0 P 0
L 3.984252 4.7116141 4.0708662 4.7116141 0 P 0
L 3.9950788 1.3700785 3.9950788 1.4566927 0 P 0
L 3.9950788 1.3700785 4.0482284 1.3700785 0 P 0
L 3.9950788 1.4566927 4.0482284 1.4566927 0 P 0
L 4.0009844 1.9783463 4.0009844 2.0649605 0 P 0
L 4.0009844 1.9783463 4.054134 1.9783463 0 P 0
L 4.0009844 2.0649605 4.054134 2.0649605 0 P 0
L 4.0009844 2.6476377 4.0009844 2.7342519 0 P 0
L 4.0009844 2.6476377 4.054134 2.6476377 0 P 0
L 4.0009844 2.7342519 4.054134 2.7342519 0 P 0
L 4.0009844 3.316929 4.0009844 3.4035432 0 P 0
L 4.0009844 3.316929 4.054134 3.316929 0 P 0
L 4.0009844 3.4035432 4.054134 3.4035432 0 P 0
L 4.0009844 3.9862204 4.0009844 4.0728346 0 P 0
L 4.0009844 3.9862204 4.054134 3.9862204 0 P 0
L 4.0009844 4.0728346 4.054134 4.0728346 0 P 0
L 4.0314959 0.3149606 4.0314959 0.511811 0 P 0
L 4.0314959 0.3149606 4.1889762 0.3149606 0 P 0
L 4.0314959 0.511811 4.1889762 0.511811 0 P 0
L 4.0383858 3.5305118 4.0383858 3.5954724 0 P 0
L 4.0383858 3.5305118 4.1663386 3.5305118 0 P 0
L 4.0383858 3.5954724 4.1663386 3.5954724 0 P 0
L 4.0433072 1.0669291 4.0433072 1.2007873 0 P 0
L 4.0482284 1.3700785 4.0482284 1.4566927 0 P 0
L 4.054134 1.9783463 4.054134 2.0649605 0 P 0
L 4.054134 2.6476377 4.054134 2.7342519 0 P 0
L 4.054134 3.316929 4.054134 3.4035432 0 P 0
L 4.054134 3.9862204 4.054134 4.0728346 0 P 0
L 4.0551182 1.4448819 4.0551182 1.5787401 0 P 0
L 4.0551182 1.4448819 4.1259843 1.4448819 0 P 0
L 4.0551182 1.5787401 4.1259843 1.5787401 0 P 0
L 4.0659449 3.7667322 4.0659449 3.894685 0 P 0
L 4.0659449 3.7667322 4.1309055 3.7667322 0 P 0
L 4.0659449 3.894685 4.1309055 3.894685 0 P 0
L 4.0688977 1.1446848 4.0688977 1.2726376 0 P 0
L 4.0688977 1.1446848 4.1338583 1.1446848 0 P 0
L 4.0688977 1.2726376 4.1338583 1.2726376 0 P 0
L 4.0708662 4.6584645 4.0708662 4.7116141 0 P 0
L 4.0730317 4.4458661 4.0730317 4.5738189 0 P 0
L 4.0730317 4.4458661 4.1379923 4.4458661 0 P 0
L 4.0730317 4.5738189 4.1379923 4.5738189 0 P 0
L 4.0748033 1.7529526 4.0748033 1.8809054 0 P 0
L 4.0748033 1.7529526 4.1397639 1.7529526 0 P 0
L 4.0748033 1.8809054 4.1397639 1.8809054 0 P 0
L 4.0748033 2.422244 4.0748033 2.5501968 0 P 0
L 4.0748033 2.422244 4.1397639 2.422244 0 P 0
L 4.0748033 2.5501968 4.1397639 2.5501968 0 P 0
L 4.0748033 3.0915353 4.0748033 3.2194881 0 P 0
L 4.0748033 3.0915353 4.1397639 3.0915353 0 P 0
L 4.0748033 3.2194881 4.1397639 3.2194881 0 P 0
L 4.081693 1.4812991 4.081693 1.6092519 0 P 0
L 4.081693 1.4812991 4.1466536 1.4812991 0 P 0
L 4.081693 1.6092519 4.1466536 1.6092519 0 P 0
L 4.081693 2.1505905 4.081693 2.2785433 0 P 0
L 4.081693 2.1505905 4.1466536 2.1505905 0 P 0
L 4.081693 2.2785433 4.1466536 2.2785433 0 P 0
L 4.081693 2.8198818 4.081693 2.9478346 0 P 0
L 4.081693 2.8198818 4.1466536 2.8198818 0 P 0
L 4.081693 2.9478346 4.1466536 2.9478346 0 P 0
L 4.089567 4.176181 4.089567 4.3041338 0 P 0
L 4.089567 4.176181 4.1545276 4.176181 0 P 0
L 4.089567 4.3041338 4.1545276 4.3041338 0 P 0
L 4.1110237 0.0432981 4.1110237 0.0874803 2 P 0
L 4.1259843 1.4448819 4.1259843 1.5787401 0 P 0
L 4.1279528 1.3671258 4.1279528 1.4202754 0 P 0
L 4.1279528 1.3671258 4.214567 1.3671258 0 P 0
L 4.1279528 1.4202754 4.214567 1.4202754 0 P 0
L 4.1309055 3.7667322 4.1309055 3.894685 0 P 0
L 4.1338583 1.1446848 4.1338583 1.2726376 0 P 0
L 4.1338584 1.9753936 4.1338584 2.0285432 0 P 0
L 4.1338584 1.9753936 4.2204726 1.9753936 0 P 0
L 4.1338584 2.0285432 4.2204726 2.0285432 0 P 0
L 4.1338584 2.644685 4.1338584 2.6978346 0 P 0
L 4.1338584 2.644685 4.2204726 2.644685 0 P 0
L 4.1338584 2.6978346 4.2204726 2.6978346 0 P 0
L 4.1338584 3.3139763 4.1338584 3.3671259 0 P 0
L 4.1338584 3.3139763 4.2204726 3.3139763 0 P 0
L 4.1338584 3.3671259 4.2204726 3.3671259 0 P 0
L 4.1379923 4.4458661 4.1379923 4.5738189 0 P 0
L 4.1397639 1.7529526 4.1397639 1.8809054 0 P 0
L 4.1397639 2.422244 4.1397639 2.5501968 0 P 0
L 4.1397639 3.0915353 4.1397639 3.2194881 0 P 0
L 4.1456693 3.9458661 4.1456693 3.9990157 0 P 0
L 4.1456693 3.9458661 4.2322835 3.9458661 0 P 0
L 4.1456693 3.9990157 4.2322835 3.9990157 0 P 0
L 4.1456693 4.6545275 4.1456693 4.7076771 0 P 0
L 4.1456693 4.6545275 4.2322835 4.6545275 0 P 0
L 4.1456693 4.7076771 4.2322835 4.7076771 0 P 0
L 4.1466536 1.4812991 4.1466536 1.6092519 0 P 0
L 4.1466536 2.1505905 4.1466536 2.2785433 0 P 0
L 4.1466536 2.8198818 4.1466536 2.9478346 0 P 0
L 4.1525591 0.8690945 4.1525591 0.9340551 0 P 0
L 4.1525591 0.8690945 4.2805119 0.8690945 0 P 0
L 4.1525591 0.9340551 4.2805119 0.9340551 0 P 0
L 4.1545276 4.176181 4.1545276 4.3041338 0 P 0
L 4.1663386 3.5305118 4.1663386 3.5954724 0 P 0
L 4.1889762 0.3149606 4.1889762 0.511811 0 P 0
L 4.214567 1.3671258 4.214567 1.4202754 0 P 0
L 4.2204726 1.9753936 4.2204726 2.0285432 0 P 0
L 4.2204726 2.644685 4.2204726 2.6978346 0 P 0
L 4.2204726 3.3139763 4.2204726 3.3671259 0 P 0
L 4.2322835 0.3149606 4.2322835 0.511811 0 P 0
L 4.2322835 0.3149606 4.3897638 0.3149606 0 P 0
L 4.2322835 0.511811 4.3897638 0.511811 0 P 0
L 4.2322835 3.9458661 4.2322835 3.9990157 0 P 0
L 4.2322835 4.6545275 4.2322835 4.7076771 0 P 0
L 4.2805119 0.8690945 4.2805119 0.9340551 0 P 0
L 4.2913399 0.4330708 4.2913399 0.8267716 0 P 0
L 4.2913399 0.4330708 4.8031511 0.4330708 0 P 0
L 4.2913399 0.8267716 4.8031511 0.8267716 0 P 0
L 4.3139657 0.9606267 4.3139657 1.4645577 0 P 0
L 4.3139747 0.9606297 4.8139763 0.9606297 0 P 0
L 4.3139747 1.4645667 4.8139763 1.4645667 0 P 0
L 4.3180997 4.261808 4.3180997 4.765739 0 P 0
L 4.3181087 4.261811 4.8181103 4.261811 0 P 0
L 4.3181087 4.765748 4.8181103 4.765748 0 P 0
L 4.3198713 1.5688945 4.3198713 2.0728255 0 P 0
L 4.3198713 2.2381858 4.3198713 2.7421168 0 P 0
L 4.3198713 2.9074771 4.3198713 3.4114081 0 P 0
L 4.3198713 3.5767685 4.3198713 4.0806995 0 P 0
L 4.3198803 1.5688975 4.8198819 1.5688975 0 P 0
L 4.3198803 2.0728345 4.8198819 2.0728345 0 P 0
L 4.3198803 2.2381888 4.8198819 2.2381888 0 P 0
L 4.3198803 2.7421258 4.8198819 2.7421258 0 P 0
L 4.3198803 2.9074801 4.8198819 2.9074801 0 P 0
L 4.3198803 3.4114171 4.8198819 3.4114171 0 P 0
L 4.3198803 3.5767715 4.8198819 3.5767715 0 P 0
L 4.3198803 4.0807085 4.8198819 4.0807085 0 P 0
L 4.3897638 0.3149606 4.3897638 0.511811 0 P 0
L 4.4110237 0.0432981 4.4110237 0.0874803 2 P 0
L 4.4110237 0.0874803 4.6010237 0.0874803 2 P 0
L 4.6010237 0.0432981 4.6010237 0.0874803 2 P 0
L 4.6610177 0.0432981 4.6610177 0.2716437 2 P 0
L 4.8031511 0.4330708 4.8031511 0.8267716 0 P 0
L 4.8139747 1.0944848 4.9202739 1.0944848 0 P 0
L 4.8139747 1.3307052 4.9202739 1.3307052 0 P 0
L 4.8139763 0.9606297 4.8139763 1.4645667 0 P 0
L 4.8181087 4.3956661 4.9244079 4.3956661 0 P 0
L 4.8181087 4.6318865 4.9244079 4.6318865 0 P 0
L 4.8181103 4.261811 4.8181103 4.765748 0 P 0
L 4.8198803 1.7027526 4.9261795 1.7027526 0 P 0
L 4.8198803 1.938973 4.9261795 1.938973 0 P 0
L 4.8198803 2.3720439 4.9261795 2.3720439 0 P 0
L 4.8198803 2.6082643 4.9261795 2.6082643 0 P 0
L 4.8198803 3.0413352 4.9261795 3.0413352 0 P 0
L 4.8198803 3.2775556 4.9261795 3.2775556 0 P 0
L 4.8198803 3.7106266 4.9261795 3.7106266 0 P 0
L 4.8198803 3.946847 4.9261795 3.946847 0 P 0
L 4.8198819 1.5688975 4.8198819 2.0728345 0 P 0
L 4.8198819 2.2381888 4.8198819 2.7421258 0 P 0
L 4.8198819 2.9074801 4.8198819 3.4114171 0 P 0
L 4.8198819 3.5767715 4.8198819 4.0807085 0 P 0
L 4.9202739 1.0944848 4.9202739 1.3307052 0 P 0
L 4.9244079 4.3956661 4.9244079 4.6318865 0 P 0
L 4.9261795 1.7027526 4.9261795 1.938973 0 P 0
L 4.9261795 2.3720439 4.9261795 2.6082643 0 P 0
L 4.9261795 3.0413352 4.9261795 3.2775556 0 P 0
L 4.9261795 3.7106266 4.9261795 3.946847 0 P 0
