#Layer_Color=32768
#
#Feature symbol names
#
$0 r10
$1 r1.9685
$2 r3.937
$3 r6
$4 r7.874

#
#Feature attribute names
#

#
#Layer features
#
A 2.0952817 1.4173228 2.0952817 1.4173228 1.8897639 1.4173228 0 P 0 N
A 2.0952817 2.6377952 2.0952817 2.6377952 1.8897639 2.6377952 0 P 0 N
A 2.0952817 3.2480314 2.0952817 3.2480314 1.8897639 3.2480314 0 P 0 N
A 2.0952817 3.8582676 2.0952817 3.8582676 1.8897639 3.8582676 0 P 0 N
A 2.0952817 4.4685038 2.0952817 4.4685038 1.8897639 4.4685038 0 P 0 N
A 2.1051242 2.007874 2.1051242 2.007874 1.8996064 2.007874 0 P 0 N
A 3.0976438 1.2795277 3.0976438 1.2795277 2.892126 1.2795277 0 P 0 N
A 3.0976438 1.928819 3.0976438 1.928819 2.892126 1.928819 0 P 0 N
A 3.0976438 2.5781103 3.0976438 2.5781103 2.892126 2.5781103 0 P 0 N
A 3.0976438 3.2274016 3.0976438 3.2274016 2.892126 3.2274016 0 P 0 N
A 3.0976438 3.8766929 3.0976438 3.8766929 2.892126 3.8766929 0 P 0 N
A 3.0976438 4.5259842 3.0976438 4.5259842 2.892126 4.5259842 0 P 0 N
L 0.0885827 0.4232284 0.0885827 0.6397638 1 P 0
L 0.0885827 0.4232284 0.3838583 0.4232284 1 P 0
L 0.0885827 0.6397638 0.3838583 0.6397638 1 P 0
L -0.121063 4.2244094 -0.121063 4.7440944 1 P 0
L -0.121063 4.2244094 0.5364174 4.2244094 1 P 0
L -0.121063 4.7440944 0.5364174 4.7440944 1 P 0
L -0.1249999 0.8188977 -0.1249999 1.3385827 1 P 0
L -0.1249999 0.8188977 0.5324805 0.8188977 1 P 0
L -0.1249999 1.3385827 0.5324805 1.3385827 1 P 0
L -0.1249999 1.5078741 -0.1249999 2.0275591 1 P 0
L -0.1249999 1.5078741 0.5324805 1.5078741 1 P 0
L -0.1249999 2.0275591 0.5324805 2.0275591 1 P 0
L -0.1249999 2.1968505 -0.1249999 2.7165355 1 P 0
L -0.1249999 2.1968505 0.5324805 2.1968505 1 P 0
L -0.1249999 2.7165355 0.5324805 2.7165355 1 P 0
L -0.1249999 2.8858269 -0.1249999 3.4055119 1 P 0
L -0.1249999 2.8858269 0.5324805 2.8858269 1 P 0
L -0.1249999 3.4055119 0.5324805 3.4055119 1 P 0
L -0.1249999 3.5629922 -0.1249999 4.0826772 1 P 0
L -0.1249999 3.5629922 0.5324805 3.5629922 1 P 0
L -0.1249999 4.0826772 0.5324805 4.0826772 1 P 0
L 0.2165354 0.5314961 0.2559055 0.5314961 2 P 0
L 0.2283466 1.0787402 0.2677166 1.0787402 2 P 0
L 0.2283466 1.7677166 0.2677166 1.7677166 2 P 0
L 0.2283466 2.456693 0.2677166 2.456693 2 P 0
L 0.2283466 3.1456694 0.2677166 3.1456694 2 P 0
L 0.2283466 3.8228347 0.2677166 3.8228347 2 P 0
L 0.2322835 4.4842519 0.2716535 4.4842519 2 P 0
L 0.2362205 0.5118111 0.2362205 0.5511811 2 P 0
L 0.2480316 1.0590552 0.2480316 1.0984252 2 P 0
L 0.2480316 1.7480316 0.2480316 1.7874016 2 P 0
L 0.2480316 2.437008 0.2480316 2.476378 2 P 0
L 0.2480316 3.1259844 0.2480316 3.1653544 2 P 0
L 0.2480316 3.8031497 0.2480316 3.8425197 2 P 0
L 0.2483465 0.0174802 0.2483465 0.2974802 4 P 0
L 0.2483465 0.0174802 1.1083465 0.0174802 4 P 0
L 0.2483465 0.2974802 1.1083465 0.2974802 4 P 0
L 0.2519685 4.4645669 0.2519685 4.5039369 2 P 0
L 0.3838583 0.4232284 0.3838583 0.6397638 1 P 0
L 0.4389764 0.4232284 0.4389764 0.6397638 1 P 0
L 0.4389764 0.4232284 0.734252 0.4232284 1 P 0
L 0.4389764 0.6397638 0.734252 0.6397638 1 P 0
L 0.4921261 0.7145669 0.4921261 0.7893701 1 P 0
L 0.4921261 0.7145669 0.6259844 0.7145669 1 P 0
L 0.4921261 0.7893701 0.6259844 0.7893701 1 P 0
L 0.4921261 1.4035432 0.4921261 1.4783464 1 P 0
L 0.4921261 1.4035432 0.6259844 1.4035432 1 P 0
L 0.4921261 1.4783464 0.6259844 1.4783464 1 P 0
L 0.4921261 2.0925196 0.4921261 2.1673228 1 P 0
L 0.4921261 2.0925196 0.6259844 2.0925196 1 P 0
L 0.4921261 2.1673228 0.6259844 2.1673228 1 P 0
L 0.4921261 2.781496 0.4921261 2.8562992 1 P 0
L 0.4921261 2.781496 0.6259844 2.781496 1 P 0
L 0.4921261 2.8562992 0.6259844 2.8562992 1 P 0
L 0.4921261 3.4606299 0.4921261 3.5354331 1 P 0
L 0.4921261 3.4606299 0.6259844 3.4606299 1 P 0
L 0.4921261 3.5354331 0.6259844 3.5354331 1 P 0
L 0.4921261 4.1200787 0.4921261 4.1948819 1 P 0
L 0.4921261 4.1200787 0.6259844 4.1200787 1 P 0
L 0.4921261 4.1948819 0.6259844 4.1948819 1 P 0
L 0.5324805 0.8188977 0.5324805 1.3385827 1 P 0
L 0.5324805 1.5078741 0.5324805 2.0275591 1 P 0
L 0.5324805 2.1968505 0.5324805 2.7165355 1 P 0
L 0.5324805 2.8858269 0.5324805 3.4055119 1 P 0
L 0.5324805 3.5629922 0.5324805 4.0826772 1 P 0
L 0.5364174 4.2244094 0.5364174 4.7440944 1 P 0
L 0.5393702 0.7519685 0.5787403 0.7519685 2 P 0
L 0.5393702 1.4409448 0.5787403 1.4409448 2 P 0
L 0.5393702 2.1299212 0.5787403 2.1299212 2 P 0
L 0.5393702 2.8188976 0.5787403 2.8188976 2 P 0
L 0.5393702 3.4980315 0.5787403 3.4980315 2 P 0
L 0.5393702 4.1574803 0.5787403 4.1574803 2 P 0
L 0.5551182 1.1673228 0.5551182 1.3444882 1 P 0
L 0.5551182 1.1673228 0.6417324 1.1673228 1 P 0
L 0.5551182 1.3444882 0.6417324 1.3444882 1 P 0
L 0.5551182 2.5452755 0.5551182 2.7224409 1 P 0
L 0.5551182 2.5452755 0.6417324 2.5452755 1 P 0
L 0.5551182 2.7224409 0.6417324 2.7224409 1 P 0
L 0.5551182 3.2342519 0.5551182 3.4114173 1 P 0
L 0.5551182 3.2342519 0.6417324 3.2342519 1 P 0
L 0.5551182 3.4114173 0.6417324 3.4114173 1 P 0
L 0.5551182 3.9133858 0.5551182 4.0905512 1 P 0
L 0.5551182 3.9133858 0.6417324 3.9133858 1 P 0
L 0.5551182 4.0905512 0.6417324 4.0905512 1 P 0
L 0.5551182 4.5728346 0.5551182 4.75 1 P 0
L 0.5551182 4.5728346 0.6417324 4.5728346 1 P 0
L 0.5551182 4.75 0.6417324 4.75 1 P 0
L 0.5590552 0.7322835 0.5590552 0.7716535 2 P 0
L 0.5590552 1.4212598 0.5590552 1.4606298 2 P 0
L 0.5590552 2.1102362 0.5590552 2.1496062 2 P 0
L 0.5590552 2.7992126 0.5590552 2.8385826 2 P 0
L 0.5590552 3.4783465 0.5590552 3.5177165 2 P 0
L 0.5590552 4.1377953 0.5590552 4.1771653 2 P 0
L 0.5669291 0.5314961 0.6062992 0.5314961 2 P 0
L 0.5787402 1.2559055 0.6181103 1.2559055 2 P 0
L 0.5787402 2.6338582 0.6181103 2.6338582 2 P 0
L 0.5787402 3.3228346 0.6181103 3.3228346 2 P 0
L 0.5787402 4.0019685 0.6181103 4.0019685 2 P 0
L 0.5787402 4.6614173 0.6181103 4.6614173 2 P 0
L 0.5826772 1.8562992 0.5826772 2.0334646 1 P 0
L 0.5826772 1.8562992 0.6692914 1.8562992 1 P 0
L 0.5826772 2.0334646 0.6692914 2.0334646 1 P 0
L 0.5866142 0.5118111 0.5866142 0.5511811 2 P 0
L 0.5984253 1.2362205 0.5984253 1.2755905 2 P 0
L 0.5984253 2.6141732 0.5984253 2.6535432 2 P 0
L 0.5984253 3.3031496 0.5984253 3.3425196 2 P 0
L 0.5984253 3.9822835 0.5984253 4.0216535 2 P 0
L 0.5984253 4.6417323 0.5984253 4.6811023 2 P 0
L 0.6062992 1.9448819 0.6456693 1.9448819 2 P 0
L 0.6259843 1.9251969 0.6259843 1.9645669 2 P 0
L 0.6259844 0.7145669 0.6259844 0.7893701 1 P 0
L 0.6259844 1.4035432 0.6259844 1.4783464 1 P 0
L 0.6259844 2.0925196 0.6259844 2.1673228 1 P 0
L 0.6259844 2.781496 0.6259844 2.8562992 1 P 0
L 0.6259844 3.4606299 0.6259844 3.5354331 1 P 0
L 0.6259844 4.1200787 0.6259844 4.1948819 1 P 0
L 0.6417324 1.1673228 0.6417324 1.3444882 1 P 0
L 0.6417324 2.5452755 0.6417324 2.7224409 1 P 0
L 0.6417324 3.2342519 0.6417324 3.4114173 1 P 0
L 0.6417324 3.9133858 0.6417324 4.0905512 1 P 0
L 0.6417324 4.5728346 0.6417324 4.75 1 P 0
L 0.6583465 0.1574802 0.6983465 0.1574802 4 P 0
L 0.6692914 1.8562992 0.6692914 2.0334646 1 P 0
L 0.6712599 0.7559055 0.6712599 0.8897638 1 P 0
L 0.6712599 0.7559055 0.7460631 0.7559055 1 P 0
L 0.6712599 0.8897638 0.7460631 0.8897638 1 P 0
L 0.6712599 1.4448818 0.6712599 1.5787401 1 P 0
L 0.6712599 1.4448818 0.7460631 1.4448818 1 P 0
L 0.6712599 1.5787401 0.7460631 1.5787401 1 P 0
L 0.6712599 2.1338582 0.6712599 2.2677165 1 P 0
L 0.6712599 2.1338582 0.7460631 2.1338582 1 P 0
L 0.6712599 2.2677165 0.7460631 2.2677165 1 P 0
L 0.6712599 2.8228346 0.6712599 2.9566929 1 P 0
L 0.6712599 2.8228346 0.7460631 2.8228346 1 P 0
L 0.6712599 2.9566929 0.7460631 2.9566929 1 P 0
L 0.6712599 3.5019685 0.6712599 3.6358268 1 P 0
L 0.6712599 3.5019685 0.7460631 3.5019685 1 P 0
L 0.6712599 3.6358268 0.7460631 3.6358268 1 P 0
L 0.6712599 4.1614173 0.6712599 4.2952756 1 P 0
L 0.6712599 4.1614173 0.7460631 4.1614173 1 P 0
L 0.6712599 4.2952756 0.7460631 4.2952756 1 P 0
L 0.6751969 0.9251968 0.6751969 1.1023622 1 P 0
L 0.6751969 0.9251968 0.7618111 0.9251968 1 P 0
L 0.6751969 1.1023622 0.7618111 1.1023622 1 P 0
L 0.6751969 1.6141731 0.6751969 1.7913385 1 P 0
L 0.6751969 1.6141731 0.7618111 1.6141731 1 P 0
L 0.6751969 1.7913385 0.7618111 1.7913385 1 P 0
L 0.6751969 2.3031495 0.6751969 2.4803149 1 P 0
L 0.6751969 2.3031495 0.7618111 2.3031495 1 P 0
L 0.6751969 2.4803149 0.7618111 2.4803149 1 P 0
L 0.6751969 2.9921259 0.6751969 3.1692913 1 P 0
L 0.6751969 2.9921259 0.7618111 2.9921259 1 P 0
L 0.6751969 3.1692913 0.7618111 3.1692913 1 P 0
L 0.6751969 3.6712598 0.6751969 3.8484252 1 P 0
L 0.6751969 3.6712598 0.7618111 3.6712598 1 P 0
L 0.6751969 3.8484252 0.7618111 3.8484252 1 P 0
L 0.6751969 4.3307086 0.6751969 4.507874 1 P 0
L 0.6751969 4.3307086 0.7618111 4.3307086 1 P 0
L 0.6751969 4.507874 0.7618111 4.507874 1 P 0
L 0.6783465 0.1374802 0.6783465 0.1774802 4 P 0
L 0.6811024 1.5688977 0.6811024 1.6437008 1 P 0
L 0.6811024 1.5688977 0.8149607 1.5688977 1 P 0
L 0.6811024 1.6437008 0.8149607 1.6437008 1 P 0
L 0.6889765 0.8228346 0.7283465 0.8228346 2 P 0
L 0.6889765 1.5118109 0.7283465 1.5118109 2 P 0
L 0.6889765 2.2007873 0.7283465 2.2007873 2 P 0
L 0.6889765 2.8897637 0.7283465 2.8897637 2 P 0
L 0.6889765 3.5688976 0.7283465 3.5688976 2 P 0
L 0.6889765 4.2283464 0.7283465 4.2283464 2 P 0
L 0.690945 2.031496 0.690945 2.1653543 1 P 0
L 0.690945 2.031496 0.7657481 2.031496 1 P 0
L 0.690945 2.1653543 0.7657481 2.1653543 1 P 0
L 0.698819 1.0137795 0.7381891 1.0137795 2 P 0
L 0.698819 1.7027558 0.7381891 1.7027558 2 P 0
L 0.698819 2.3917322 0.7381891 2.3917322 2 P 0
L 0.698819 3.0807086 0.7381891 3.0807086 2 P 0
L 0.698819 3.7598425 0.7381891 3.7598425 2 P 0
L 0.698819 4.4192913 0.7381891 4.4192913 2 P 0
L 0.7086615 0.8031496 0.7086615 0.8425197 2 P 0
L 0.7086615 1.4921259 0.7086615 1.531496 2 P 0
L 0.7086615 2.0984252 0.7480316 2.0984252 2 P 0
L 0.7086615 2.1811023 0.7086615 2.2204724 2 P 0
L 0.7086615 2.8700787 0.7086615 2.9094488 2 P 0
L 0.7086615 3.5492126 0.7086615 3.5885827 2 P 0
L 0.7086615 4.2086614 0.7086615 4.2480315 2 P 0
L 0.7106299 3.7322835 0.7106299 3.8661418 1 P 0
L 0.7106299 3.7322835 0.7854331 3.7322835 1 P 0
L 0.7106299 3.8661418 0.7854331 3.8661418 1 P 0
L 0.71063 3.1594488 0.71063 3.25 1 P 0
L 0.71063 3.1594488 0.8956694 3.1594488 1 P 0
L 0.71063 3.25 0.8956694 3.25 1 P 0
L 0.71063 3.273622 0.71063 3.3641732 1 P 0
L 0.71063 3.273622 0.8956694 3.273622 1 P 0
L 0.71063 3.3641732 0.8956694 3.3641732 1 P 0
L 0.7106301 1.0157479 0.7106301 1.1496062 1 P 0
L 0.7106301 1.0157479 0.7854332 1.0157479 1 P 0
L 0.7106301 1.1496062 0.7854332 1.1496062 1 P 0
L 0.718504 0.9940945 0.718504 1.0334645 2 P 0
L 0.718504 1.6830708 0.718504 1.7224408 2 P 0
L 0.718504 2.3720472 0.718504 2.4114172 2 P 0
L 0.718504 3.0610236 0.718504 3.1003936 2 P 0
L 0.718504 3.3740156 0.718504 3.5078739 1 P 0
L 0.718504 3.3740156 0.7933072 3.3740156 1 P 0
L 0.718504 3.5078739 0.7933072 3.5078739 1 P 0
L 0.718504 3.7401575 0.718504 3.7795275 2 P 0
L 0.718504 4.3996063 0.718504 4.4389763 2 P 0
L 0.7283465 1.6062992 0.7677166 1.6062992 2 P 0
L 0.7283465 2.0787401 0.7283465 2.1181102 2 P 0
L 0.7283465 3.7992126 0.7677165 3.7992126 2 P 0
L 0.7283466 1.0826771 0.7677167 1.0826771 2 P 0
L 0.734252 0.4232284 0.734252 0.6397638 1 P 0
L 0.7362206 3.4409448 0.7755906 3.4409448 2 P 0
L 0.7460631 0.7559055 0.7460631 0.8897638 1 P 0
L 0.7460631 1.4448818 0.7460631 1.5787401 1 P 0
L 0.7460631 2.1338582 0.7460631 2.2677165 1 P 0
L 0.7460631 2.8228346 0.7460631 2.9566929 1 P 0
L 0.7460631 3.5019685 0.7460631 3.6358268 1 P 0
L 0.7460631 4.1614173 0.7460631 4.2952756 1 P 0
L 0.7480315 1.5866142 0.7480315 1.6259843 2 P 0
L 0.7480315 3.7795276 0.7480315 3.8188977 2 P 0
L 0.7480316 1.062992 0.7480316 1.1023621 2 P 0
L 0.7559056 3.4212597 0.7559056 3.4606298 2 P 0
L 0.7618111 0.9251968 0.7618111 1.1023622 1 P 0
L 0.7618111 1.6141731 0.7618111 1.7913385 1 P 0
L 0.7618111 2.3031495 0.7618111 2.4803149 1 P 0
L 0.7618111 2.9921259 0.7618111 3.1692913 1 P 0
L 0.7618111 3.6712598 0.7618111 3.8484252 1 P 0
L 0.7618111 4.3307086 0.7618111 4.507874 1 P 0
L 0.7657481 2.031496 0.7657481 2.1653543 1 P 0
L 0.7755904 1.3444885 0.7755904 1.4192917 1 P 0
L 0.7755904 1.3444885 0.9094487 1.3444885 1 P 0
L 0.7755904 1.4192917 0.9094487 1.4192917 1 P 0
L 0.7755904 1.9986223 0.7755904 2.0734255 1 P 0
L 0.7755904 1.9986223 0.9094487 1.9986223 1 P 0
L 0.7755904 2.0734255 0.9094487 2.0734255 1 P 0
L 0.7755904 2.6527561 0.7755904 2.7275593 1 P 0
L 0.7755904 2.6527561 0.9094487 2.6527561 1 P 0
L 0.7755904 2.7275593 0.9094487 2.7275593 1 P 0
L 0.7755904 3.9610237 0.7755904 4.0358269 1 P 0
L 0.7755904 3.9610237 0.9094487 3.9610237 1 P 0
L 0.7755904 4.0358269 0.9094487 4.0358269 1 P 0
L 0.7755904 4.6151575 0.7755904 4.6899607 1 P 0
L 0.7755904 4.6151575 0.9094487 4.6151575 1 P 0
L 0.7755904 4.6899607 0.9094487 4.6899607 1 P 0
L 0.7795276 3.3090551 0.7795276 3.3838583 1 P 0
L 0.7795276 3.3090551 0.9133859 3.3090551 1 P 0
L 0.7795276 3.3838583 0.9133859 3.3838583 1 P 0
L 0.7834646 3.2047244 0.8228347 3.2047244 2 P 0
L 0.7834646 3.3188976 0.8228347 3.3188976 2 P 0
L 0.7854331 3.7322835 0.7854331 3.8661418 1 P 0
L 0.7854332 1.0157479 0.7854332 1.1496062 1 P 0
L 0.7893701 0.4232284 0.7893701 0.6397638 1 P 0
L 0.7893701 0.4232284 1.0846457 0.4232284 1 P 0
L 0.7893701 0.6397638 1.0846457 0.6397638 1 P 0
L 0.7933072 3.3740156 0.7933072 3.5078739 1 P 0
L 0.8031497 3.1850394 0.8031497 3.2244095 2 P 0
L 0.8031497 3.2992126 0.8031497 3.3385827 2 P 0
L 0.8090552 2.7519684 0.8090552 2.8858267 1 P 0
L 0.8090552 2.7519684 0.8838583 2.7519684 1 P 0
L 0.8090552 2.8858267 0.8838583 2.8858267 1 P 0
L 0.8128286 3.4555511 0.8128286 3.8609827 3 P 0
L 0.8128286 3.4555511 1.2973954 3.4555511 3 P 0
L 0.8128286 3.8609827 1.2973954 3.8609827 3 P 0
L 0.8149607 1.5688977 0.8149607 1.6437008 1 P 0
L 0.8188977 1.1929133 0.8188977 1.3267716 1 P 0
L 0.8188977 1.1929133 0.8937009 1.1929133 1 P 0
L 0.8188977 1.3267716 0.8937009 1.3267716 1 P 0
L 0.8188977 1.8470471 0.8188977 1.9809054 1 P 0
L 0.8188977 1.8470471 0.8937009 1.8470471 1 P 0
L 0.8188977 1.9809054 0.8937009 1.9809054 1 P 0
L 0.8188977 2.5011809 0.8188977 2.6350392 1 P 0
L 0.8188977 2.5011809 0.8937009 2.5011809 1 P 0
L 0.8188977 2.6350392 0.8937009 2.6350392 1 P 0
L 0.8188977 3.1553147 0.8188977 3.289173 1 P 0
L 0.8188977 3.1553147 0.8937009 3.1553147 1 P 0
L 0.8188977 3.289173 0.8937009 3.289173 1 P 0
L 0.8188977 3.8094485 0.8188977 3.9433068 1 P 0
L 0.8188977 3.8094485 0.8937009 3.8094485 1 P 0
L 0.8188977 3.9433068 0.8937009 3.9433068 1 P 0
L 0.8188977 4.4635823 0.8188977 4.5974406 1 P 0
L 0.8188977 4.4635823 0.8937009 4.4635823 1 P 0
L 0.8188977 4.5974406 0.8937009 4.5974406 1 P 0
L 0.8218501 1.0157484 0.8218501 1.1496067 1 P 0
L 0.8218501 1.0157484 0.8966533 1.0157484 1 P 0
L 0.8218501 1.1496067 0.8966533 1.1496067 1 P 0
L 0.8218501 1.6698822 0.8218501 1.8037405 1 P 0
L 0.8218501 1.6698822 0.8966533 1.6698822 1 P 0
L 0.8218501 1.8037405 0.8966533 1.8037405 1 P 0
L 0.8218501 2.324016 0.8218501 2.4578743 1 P 0
L 0.8218501 2.324016 0.8966533 2.324016 1 P 0
L 0.8218501 2.4578743 0.8966533 2.4578743 1 P 0
L 0.8218501 2.9781498 0.8218501 3.1120081 1 P 0
L 0.8218501 2.9781498 0.8966533 2.9781498 1 P 0
L 0.8218501 3.1120081 0.8966533 3.1120081 1 P 0
L 0.8218501 3.6322836 0.8218501 3.7661419 1 P 0
L 0.8218501 3.6322836 0.8966533 3.6322836 1 P 0
L 0.8218501 3.7661419 0.8966533 3.7661419 1 P 0
L 0.8218501 4.2864174 0.8218501 4.4202757 1 P 0
L 0.8218501 4.2864174 0.8966533 4.2864174 1 P 0
L 0.8218501 4.4202757 0.8966533 4.4202757 1 P 0
L 0.8228345 1.3818901 0.8622046 1.3818901 2 P 0
L 0.8228345 2.0360239 0.8622046 2.0360239 2 P 0
L 0.8228345 2.6901577 0.8622046 2.6901577 2 P 0
L 0.8228345 3.9984253 0.8622046 3.9984253 2 P 0
L 0.8228345 4.6525591 0.8622046 4.6525591 2 P 0
L 0.8267717 2.8188976 0.8661418 2.8188976 2 P 0
L 0.8267717 3.3464567 0.8661418 3.3464567 2 P 0
L 0.8336615 1.0866142 0.8336615 1.511811 1 P 0
L 0.8336615 1.0866142 1.2923229 1.0866142 1 P 0
L 0.8336615 1.511811 1.2923229 1.511811 1 P 0
L 0.8336615 1.5393701 0.8336615 1.9645669 1 P 0
L 0.8336615 1.5393701 1.2923229 1.5393701 1 P 0
L 0.8336615 1.9645669 1.2923229 1.9645669 1 P 0
L 0.8366143 1.2598425 0.8759843 1.2598425 2 P 0
L 0.8366143 1.9139763 0.8759843 1.9139763 2 P 0
L 0.8366143 2.5681101 0.8759843 2.5681101 2 P 0
L 0.8366143 3.2222439 0.8759843 3.2222439 2 P 0
L 0.8366143 3.8763777 0.8759843 3.8763777 2 P 0
L 0.8366143 4.5305115 0.8759843 4.5305115 2 P 0
L 0.8395667 1.0826775 0.8789367 1.0826775 2 P 0
L 0.8395667 1.7368113 0.8789367 1.7368113 2 P 0
L 0.8395667 2.3909451 0.8789367 2.3909451 2 P 0
L 0.8395667 3.0450789 0.8789367 3.0450789 2 P 0
L 0.8395667 3.6992127 0.8789367 3.6992127 2 P 0
L 0.8395667 4.3533465 0.8789367 4.3533465 2 P 0
L 0.8425195 1.3622051 0.8425195 1.4015751 2 P 0
L 0.8425195 2.0163389 0.8425195 2.0557089 2 P 0
L 0.8425195 2.6704727 0.8425195 2.7098427 2 P 0
L 0.8425195 3.9787403 0.8425195 4.0181103 2 P 0
L 0.8425195 4.6328741 0.8425195 4.6722441 2 P 0
L 0.8464567 2.7992125 0.8464567 2.8385826 2 P 0
L 0.8464567 3.3267717 0.8464567 3.3661417 2 P 0
L 0.8533465 2.0314961 0.8533465 2.4566929 1 P 0
L 0.8533465 2.0314961 1.3120079 2.0314961 1 P 0
L 0.8533465 2.4566929 1.3120079 2.4566929 1 P 0
L 0.8562993 1.2401574 0.8562993 1.2795275 2 P 0
L 0.8562993 1.8942912 0.8562993 1.9336613 2 P 0
L 0.8562993 2.548425 0.8562993 2.5877951 2 P 0
L 0.8562993 3.2025588 0.8562993 3.2419289 2 P 0
L 0.8562993 3.8566926 0.8562993 3.8960627 2 P 0
L 0.8562993 4.5108264 0.8562993 4.5501965 2 P 0
L 0.8592517 1.0629925 0.8592517 1.1023626 2 P 0
L 0.8592517 1.7171263 0.8592517 1.7564964 2 P 0
L 0.8592517 2.3712601 0.8592517 2.4106302 2 P 0
L 0.8592517 3.0253939 0.8592517 3.064764 2 P 0
L 0.8592517 3.6795277 0.8592517 3.7188978 2 P 0
L 0.8592517 4.3336615 0.8592517 4.3730316 2 P 0
L 0.8838583 2.7519684 0.8838583 2.8858267 1 P 0
L 0.8937009 1.1929133 0.8937009 1.3267716 1 P 0
L 0.8937009 1.8470471 0.8937009 1.9809054 1 P 0
L 0.8937009 2.5011809 0.8937009 2.6350392 1 P 0
L 0.8937009 3.1553147 0.8937009 3.289173 1 P 0
L 0.8937009 3.8094485 0.8937009 3.9433068 1 P 0
L 0.8937009 4.4635823 0.8937009 4.5974406 1 P 0
L 0.8956694 3.1594488 0.8956694 3.25 1 P 0
L 0.8956694 3.273622 0.8956694 3.3641732 1 P 0
L 0.8966533 1.0157484 0.8966533 1.1496067 1 P 0
L 0.8966533 1.6698822 0.8966533 1.8037405 1 P 0
L 0.8966533 2.324016 0.8966533 2.4578743 1 P 0
L 0.8966533 2.9781498 0.8966533 3.1120081 1 P 0
L 0.8966533 3.6322836 0.8966533 3.7661419 1 P 0
L 0.8966533 4.2864174 0.8966533 4.4202757 1 P 0
L 0.8996063 2.8503936 0.8996063 2.9921259 1 P 0
L 0.8996063 2.8503936 1.1476378 2.8503936 1 P 0
L 0.8996063 2.9921259 1.1476378 2.9921259 1 P 0
L 0.9094487 1.3444885 0.9094487 1.4192917 1 P 0
L 0.9094487 1.9986223 0.9094487 2.0734255 1 P 0
L 0.9094487 2.6527561 0.9094487 2.7275593 1 P 0
L 0.9094487 3.9610237 0.9094487 4.0358269 1 P 0
L 0.9094487 4.6151575 0.9094487 4.6899607 1 P 0
L 0.9133859 3.3090551 0.9133859 3.3838583 1 P 0
L 0.9163384 1.1102366 0.9163384 1.2519689 1 P 0
L 0.9163384 1.1102366 1.1643699 1.1102366 1 P 0
L 0.9163384 1.2519689 1.1643699 1.2519689 1 P 0
L 0.9163384 1.7643704 0.9163384 1.9061027 1 P 0
L 0.9163384 1.7643704 1.1643699 1.7643704 1 P 0
L 0.9163384 1.9061027 1.1643699 1.9061027 1 P 0
L 0.9163384 2.4185042 0.9163384 2.5602365 1 P 0
L 0.9163384 2.4185042 1.1643699 2.4185042 1 P 0
L 0.9163384 2.5602365 1.1643699 2.5602365 1 P 0
L 0.9163384 3.072638 0.9163384 3.2143703 1 P 0
L 0.9163384 3.072638 1.1643699 3.072638 1 P 0
L 0.9163384 3.2143703 1.1643699 3.2143703 1 P 0
L 0.9163384 3.7267718 0.9163384 3.8685041 1 P 0
L 0.9163384 3.7267718 1.1643699 3.7267718 1 P 0
L 0.9163384 3.8685041 1.1643699 3.8685041 1 P 0
L 0.9163384 4.3809056 0.9163384 4.5226379 1 P 0
L 0.9163384 4.3809056 1.1643699 4.3809056 1 P 0
L 0.9163384 4.5226379 1.1643699 4.5226379 1 P 0
L 0.9173228 0.5314961 0.9566929 0.5314961 2 P 0
L 0.9222439 1.0059058 0.9222439 1.080709 1 P 0
L 0.9222439 1.0059058 1.0561022 1.0059058 1 P 0
L 0.9222439 1.080709 1.0561022 1.080709 1 P 0
L 0.9222439 1.6600396 0.9222439 1.7348428 1 P 0
L 0.9222439 1.6600396 1.0561022 1.6600396 1 P 0
L 0.9222439 1.7348428 1.0561022 1.7348428 1 P 0
L 0.9222439 2.3141734 0.9222439 2.3889766 1 P 0
L 0.9222439 2.3141734 1.0561022 2.3141734 1 P 0
L 0.9222439 2.3889766 1.0561022 2.3889766 1 P 0
L 0.9222439 2.9683072 0.9222439 3.0431104 1 P 0
L 0.9222439 2.9683072 1.0561022 2.9683072 1 P 0
L 0.9222439 3.0431104 1.0561022 3.0431104 1 P 0
L 0.9222439 3.622441 0.9222439 3.6972442 1 P 0
L 0.9222439 3.622441 1.0561022 3.622441 1 P 0
L 0.9222439 3.6972442 1.0561022 3.6972442 1 P 0
L 0.9222439 4.2765748 0.9222439 4.351378 1 P 0
L 0.9222439 4.2765748 1.0561022 4.2765748 1 P 0
L 0.9222439 4.351378 1.0561022 4.351378 1 P 0
L 0.9340548 1.3405515 0.9340548 1.4153547 1 P 0
L 0.9340548 1.3405515 1.0679131 1.3405515 1 P 0
L 0.9340548 1.4153547 1.0679131 1.4153547 1 P 0
L 0.9340548 1.9946853 0.9340548 2.0694885 1 P 0
L 0.9340548 1.9946853 1.0679131 1.9946853 1 P 0
L 0.9340548 2.0694885 1.0679131 2.0694885 1 P 0
L 0.9340548 2.6488191 0.9340548 2.7236223 1 P 0
L 0.9340548 2.6488191 1.0679131 2.6488191 1 P 0
L 0.9340548 2.7236223 1.0679131 2.7236223 1 P 0
L 0.9340548 3.3029529 0.9340548 3.3777561 1 P 0
L 0.9340548 3.3029529 1.0679131 3.3029529 1 P 0
L 0.9340548 3.3777561 1.0679131 3.3777561 1 P 0
L 0.9340548 3.9570867 0.9340548 4.0318899 1 P 0
L 0.9340548 3.9570867 1.0679131 3.9570867 1 P 0
L 0.9340548 4.0318899 1.0679131 4.0318899 1 P 0
L 0.9340548 4.6112205 0.9340548 4.6860237 1 P 0
L 0.9340548 4.6112205 1.0679131 4.6112205 1 P 0
L 0.9340548 4.6860237 1.0679131 4.6860237 1 P 0
L 0.9370079 0.5118111 0.9370079 0.5511811 2 P 0
L 0.952756 2.7460631 0.952756 2.8208662 1 P 0
L 0.952756 2.7460631 1.0866143 2.7460631 1 P 0
L 0.952756 2.8208662 1.0866143 2.8208662 1 P 0
L 0.964567 3.281496 0.964567 3.3562992 1 P 0
L 0.964567 3.281496 1.0984253 3.281496 1 P 0
L 0.964567 3.3562992 1.0984253 3.3562992 1 P 0
L 0.969488 1.0433074 1.0088581 1.0433074 2 P 0
L 0.969488 1.6974412 1.0088581 1.6974412 2 P 0
L 0.969488 2.351575 1.0088581 2.351575 2 P 0
L 0.969488 3.0057088 1.0088581 3.0057088 2 P 0
L 0.969488 3.6598426 1.0088581 3.6598426 2 P 0
L 0.969488 4.3139764 1.0088581 4.3139764 2 P 0
L 0.9812989 1.3779531 1.020669 1.3779531 2 P 0
L 0.9812989 2.0320869 1.020669 2.0320869 2 P 0
L 0.9812989 2.6862207 1.020669 2.6862207 2 P 0
L 0.9812989 3.3403545 1.020669 3.3403545 2 P 0
L 0.9812989 3.9944883 1.020669 3.9944883 2 P 0
L 0.9812989 4.6486221 1.020669 4.6486221 2 P 0
L 0.989173 1.0236224 0.989173 1.0629924 2 P 0
L 0.989173 1.6777562 0.989173 1.7171262 2 P 0
L 0.989173 2.33189 0.989173 2.37126 2 P 0
L 0.989173 2.9860238 0.989173 3.0253938 2 P 0
L 0.989173 3.6401576 0.989173 3.6795276 2 P 0
L 0.989173 4.2942914 0.989173 4.3336614 2 P 0
L 1.0000001 2.7834646 1.0393702 2.7834646 2 P 0
L 1.0009839 1.3582681 1.0009839 1.3976381 2 P 0
L 1.0009839 2.0124019 1.0009839 2.0517719 2 P 0
L 1.0009839 2.6665357 1.0009839 2.7059057 2 P 0
L 1.0009839 3.3206695 1.0009839 3.3600395 2 P 0
L 1.0009839 3.9748033 1.0009839 4.0141733 2 P 0
L 1.0009839 4.6289371 1.0009839 4.6683071 2 P 0
L 1.003937 2.9212598 1.0433071 2.9212598 2 P 0
L 1.0118111 3.3188976 1.0511812 3.3188976 2 P 0
L 1.0196851 2.7637796 1.0196851 2.8031497 2 P 0
L 1.0206691 1.1811028 1.0600392 1.1811028 2 P 0
L 1.0206691 1.8352366 1.0600392 1.8352366 2 P 0
L 1.0206691 2.4893704 1.0600392 2.4893704 2 P 0
L 1.0206691 3.1435042 1.0600392 3.1435042 2 P 0
L 1.0206691 3.797638 1.0600392 3.797638 2 P 0
L 1.0206691 4.4517718 1.0600392 4.4517718 2 P 0
L 1.0236221 2.9015747 1.0236221 2.9409448 2 P 0
L 1.0314961 3.2992126 1.0314961 3.3385826 2 P 0
L 1.0403541 1.1614177 1.0403541 1.2007878 2 P 0
L 1.0403541 1.8155515 1.0403541 1.8549216 2 P 0
L 1.0403541 2.4696853 1.0403541 2.5090554 2 P 0
L 1.0403541 3.1238191 1.0403541 3.1631892 2 P 0
L 1.0403541 3.7779529 1.0403541 3.817323 2 P 0
L 1.0403541 4.4320867 1.0403541 4.4714568 2 P 0
L 1.0433071 1.2992126 1.0826772 1.2992126 2 P 0
L 1.0433071 1.7519685 1.0826772 1.7519685 2 P 0
L 1.0561022 1.0059058 1.0561022 1.080709 1 P 0
L 1.0561022 1.6600396 1.0561022 1.7348428 1 P 0
L 1.0561022 2.3141734 1.0561022 2.3889766 1 P 0
L 1.0561022 2.9683072 1.0561022 3.0431104 1 P 0
L 1.0561022 3.622441 1.0561022 3.6972442 1 P 0
L 1.0561022 4.2765748 1.0561022 4.351378 1 P 0
L 1.0629921 2.2440945 1.1023622 2.2440945 2 P 0
L 1.0629922 1.2795276 1.0629922 1.3188976 2 P 0
L 1.0629922 1.7322835 1.0629922 1.7716535 2 P 0
L 1.0679131 1.3405515 1.0679131 1.4153547 1 P 0
L 1.0679131 1.9946853 1.0679131 2.0694885 1 P 0
L 1.0679131 2.6488191 1.0679131 2.7236223 1 P 0
L 1.0679131 3.3029529 1.0679131 3.3777561 1 P 0
L 1.0679131 3.9570867 1.0679131 4.0318899 1 P 0
L 1.0679131 4.6112205 1.0679131 4.6860237 1 P 0
L 1.0826772 2.2244095 1.0826772 2.2637795 2 P 0
L 1.0846457 0.4232284 1.0846457 0.6397638 1 P 0
L 1.0866143 2.7460631 1.0866143 2.8208662 1 P 0
L 1.0935037 1.2677168 1.0935037 1.4015751 1 P 0
L 1.0935037 1.2677168 1.1683068 1.2677168 1 P 0
L 1.0935037 1.4015751 1.1683068 1.4015751 1 P 0
L 1.0935037 1.9218506 1.0935037 2.0557089 1 P 0
L 1.0935037 1.9218506 1.1683068 1.9218506 1 P 0
L 1.0935037 2.0557089 1.1683068 2.0557089 1 P 0
L 1.0935037 2.5759844 1.0935037 2.7098427 1 P 0
L 1.0935037 2.5759844 1.1683068 2.5759844 1 P 0
L 1.0935037 2.7098427 1.1683068 2.7098427 1 P 0
L 1.0935037 3.2301182 1.0935037 3.3639765 1 P 0
L 1.0935037 3.2301182 1.1683068 3.2301182 1 P 0
L 1.0935037 3.3639765 1.1683068 3.3639765 1 P 0
L 1.0935037 3.884252 1.0935037 4.0181103 1 P 0
L 1.0935037 3.884252 1.1683068 3.884252 1 P 0
L 1.0935037 4.0181103 1.1683068 4.0181103 1 P 0
L 1.0935037 4.5383858 1.0935037 4.6722441 1 P 0
L 1.0935037 4.5383858 1.1683068 4.5383858 1 P 0
L 1.0935037 4.6722441 1.1683068 4.6722441 1 P 0
L 1.0984253 3.281496 1.0984253 3.3562992 1 P 0
L 1.1083465 0.0174802 1.1083465 0.1174802 4 P 0
L 1.1083465 0.1174802 1.1083465 0.2974802 4 P 0
L 1.1112202 1.334646 1.1505903 1.334646 2 P 0
L 1.1112202 1.9887798 1.1505903 1.9887798 2 P 0
L 1.1112202 2.6429136 1.1505903 2.6429136 2 P 0
L 1.1112202 3.2970474 1.1505903 3.2970474 2 P 0
L 1.1112202 3.9511812 1.1505903 3.9511812 2 P 0
L 1.1112202 4.605315 1.1505903 4.605315 2 P 0
L 1.1240158 3.265748 1.1240158 3.3562992 1 P 0
L 1.1240158 3.265748 1.3090552 3.265748 1 P 0
L 1.1240158 3.3562992 1.3090552 3.3562992 1 P 0
L 1.1309053 1.3149609 1.1309053 1.354331 2 P 0
L 1.1309053 1.9690947 1.1309053 2.0084648 2 P 0
L 1.1309053 2.6232285 1.1309053 2.6625986 2 P 0
L 1.1309053 3.2773623 1.1309053 3.3167324 2 P 0
L 1.1309053 3.9314961 1.1309053 3.9708662 2 P 0
L 1.1309053 4.5856299 1.1309053 4.625 2 P 0
L 1.1397638 0.4232284 1.1397638 0.6397638 1 P 0
L 1.1397638 0.4232284 1.4350394 0.4232284 1 P 0
L 1.1397638 0.6397638 1.4350394 0.6397638 1 P 0
L 1.1476378 2.8503936 1.1476378 2.9921259 1 P 0
L 1.1643699 1.1102366 1.1643699 1.2519689 1 P 0
L 1.1643699 1.7643704 1.1643699 1.9061027 1 P 0
L 1.1643699 2.4185042 1.1643699 2.5602365 1 P 0
L 1.1643699 3.072638 1.1643699 3.2143703 1 P 0
L 1.1643699 3.7267718 1.1643699 3.8685041 1 P 0
L 1.1643699 4.3809056 1.1643699 4.5226379 1 P 0
L 1.1683068 1.2677168 1.1683068 1.4015751 1 P 0
L 1.1683068 1.9218506 1.1683068 2.0557089 1 P 0
L 1.1683068 2.5759844 1.1683068 2.7098427 1 P 0
L 1.1683068 3.2301182 1.1683068 3.3639765 1 P 0
L 1.1683068 3.884252 1.1683068 4.0181103 1 P 0
L 1.1683068 4.5383858 1.1683068 4.6722441 1 P 0
L 1.187008 2.8070866 1.187008 2.9409449 1 P 0
L 1.187008 2.8070866 1.2618111 2.8070866 1 P 0
L 1.187008 2.9409449 1.2618111 2.9409449 1 P 0
L 1.1968504 3.3110236 1.2362205 3.3110236 2 P 0
L 1.2027559 4.4055117 1.2027559 4.53937 1 P 0
L 1.2027559 4.4055117 1.277559 4.4055117 1 P 0
L 1.2027559 4.53937 1.277559 4.53937 1 P 0
L 1.20374 1.1377956 1.20374 1.2716539 1 P 0
L 1.20374 1.1377956 1.2785431 1.1377956 1 P 0
L 1.20374 1.2716539 1.2785431 1.2716539 1 P 0
L 1.20374 1.7919294 1.20374 1.9257877 1 P 0
L 1.20374 1.7919294 1.2785431 1.7919294 1 P 0
L 1.20374 1.9257877 1.2785431 1.9257877 1 P 0
L 1.20374 2.4460632 1.20374 2.5799215 1 P 0
L 1.20374 2.4460632 1.2785431 2.4460632 1 P 0
L 1.20374 2.5799215 1.2785431 2.5799215 1 P 0
L 1.20374 3.100197 1.20374 3.2340553 1 P 0
L 1.20374 3.100197 1.2785431 3.100197 1 P 0
L 1.20374 3.2340553 1.2785431 3.2340553 1 P 0
L 1.20374 3.7543308 1.20374 3.8881891 1 P 0
L 1.20374 3.7543308 1.2785431 3.7543308 1 P 0
L 1.20374 3.8881891 1.2785431 3.8881891 1 P 0
L 1.20374 4.4084646 1.20374 4.5423229 1 P 0
L 1.20374 4.4084646 1.2785431 4.4084646 1 P 0
L 1.20374 4.5423229 1.2785431 4.5423229 1 P 0
L 1.2047245 2.8740158 1.2440946 2.8740158 2 P 0
L 1.2165355 3.2913386 1.2165355 3.3307087 2 P 0
L 1.2175197 1.0108267 1.2175197 1.0856298 1 P 0
L 1.2175197 1.0108267 1.351378 1.0108267 1 P 0
L 1.2175197 1.0856298 1.351378 1.0856298 1 P 0
L 1.2204724 4.4724408 1.2598425 4.4724408 2 P 0
L 1.2214565 1.2047247 1.2608266 1.2047247 2 P 0
L 1.2214565 1.8588585 1.2608266 1.8588585 2 P 0
L 1.2214565 2.5129923 1.2608266 2.5129923 2 P 0
L 1.2214565 3.1671261 1.2608266 3.1671261 2 P 0
L 1.2214565 3.8212599 1.2608266 3.8212599 2 P 0
L 1.2214565 4.4753937 1.2608266 4.4753937 2 P 0
L 1.2244095 2.8543307 1.2244095 2.8937008 2 P 0
L 1.2401575 4.4527558 1.2401575 4.4921259 2 P 0
L 1.2411415 1.1850397 1.2411415 1.2244098 2 P 0
L 1.2411415 1.8391735 1.2411415 1.8785436 2 P 0
L 1.2411415 2.4933073 1.2411415 2.5326774 2 P 0
L 1.2411415 3.1474411 1.2411415 3.1868112 2 P 0
L 1.2411415 3.8015749 1.2411415 3.840945 2 P 0
L 1.2411415 4.4557087 1.2411415 4.4950788 2 P 0
L 1.2618111 2.8070866 1.2618111 2.9409449 1 P 0
L 1.2647638 1.0482283 1.3041339 1.0482283 2 P 0
L 1.2677165 0.5314961 1.3070866 0.5314961 2 P 0
L 1.277559 4.4055117 1.277559 4.53937 1 P 0
L 1.2785431 1.1377956 1.2785431 1.2716539 1 P 0
L 1.2785431 1.7919294 1.2785431 1.9257877 1 P 0
L 1.2785431 2.4460632 1.2785431 2.5799215 1 P 0
L 1.2785431 3.100197 1.2785431 3.2340553 1 P 0
L 1.2785431 3.7543308 1.2785431 3.8881891 1 P 0
L 1.2785431 4.4084646 1.2785431 4.5423229 1 P 0
L 1.2844489 1.0285432 1.2844489 1.0679133 2 P 0
L 1.2874016 0.5118111 1.2874016 0.5511811 2 P 0
L 1.2923229 1.0866142 1.2923229 1.511811 1 P 0
L 1.2923229 1.5393701 1.2923229 1.9645669 1 P 0
L 1.2973954 3.4555511 1.2973954 3.8609827 3 P 0
L 1.3090552 3.265748 1.3090552 3.3562992 1 P 0
L 1.3120079 2.0314961 1.3120079 2.4566929 1 P 0
L 1.314488 0.0174802 1.314488 0.2974802 4 P 0
L 1.314488 0.0174802 2.174488 0.0174802 4 P 0
L 1.314488 0.2974802 2.174488 0.2974802 4 P 0
L 1.3169292 4.3543307 1.3169292 4.496063 1 P 0
L 1.3169292 4.3543307 1.5649607 4.3543307 1 P 0
L 1.3169292 4.496063 1.5649607 4.496063 1 P 0
L 1.3208662 1.4566929 1.3208662 1.5905512 1 P 0
L 1.3208662 1.4566929 1.3956693 1.4566929 1 P 0
L 1.3208662 1.5905512 1.3956693 1.5905512 1 P 0
L 1.3385827 1.523622 1.3779528 1.523622 2 P 0
L 1.351378 1.0108267 1.351378 1.0856298 1 P 0
L 1.3582678 1.503937 1.3582678 1.5433071 2 P 0
L 1.3602363 2.3425196 1.3602363 2.4763779 1 P 0
L 1.3602363 2.3425196 1.4350394 2.3425196 1 P 0
L 1.3602363 2.4763779 1.4350394 2.4763779 1 P 0
L 1.3602363 3.6318897 1.3602363 3.8169291 1 P 0
L 1.3602363 3.6318897 1.4507875 3.6318897 1 P 0
L 1.3602363 3.8169291 1.4507875 3.8169291 1 P 0
L 1.3720473 3.5059055 1.3720473 3.5964567 1 P 0
L 1.3720473 3.5059055 1.5570867 3.5059055 1 P 0
L 1.3720473 3.5964567 1.5570867 3.5964567 1 P 0
L 1.3779527 4.5255904 1.3779527 4.6003935 1 P 0
L 1.3779527 4.5255904 1.511811 4.5255904 1 P 0
L 1.3779527 4.6003935 1.511811 4.6003935 1 P 0
L 1.3779528 2.4094488 1.4173229 2.4094488 2 P 0
L 1.3829371 1.1988189 1.3829371 1.3996063 1 P 0
L 1.3829371 1.1988189 1.6664017 1.1988189 1 P 0
L 1.3829371 1.3996063 1.6664017 1.3996063 1 P 0
L 1.3829371 2.4192913 1.3829371 2.6200787 1 P 0
L 1.3829371 2.4192913 1.6664017 2.4192913 1 P 0
L 1.3829371 2.6200787 1.6664017 2.6200787 1 P 0
L 1.3829371 3.0295275 1.3829371 3.2303149 1 P 0
L 1.3829371 3.0295275 1.6664017 3.0295275 1 P 0
L 1.3829371 3.2303149 1.6664017 3.2303149 1 P 0
L 1.3829371 3.6397637 1.3829371 3.8405511 1 P 0
L 1.3829371 3.6397637 1.6664017 3.6397637 1 P 0
L 1.3829371 3.8405511 1.6664017 3.8405511 1 P 0
L 1.3829371 4.2499999 1.3829371 4.4507873 1 P 0
L 1.3829371 4.2499999 1.6664017 4.2499999 1 P 0
L 1.3829371 4.4507873 1.6664017 4.4507873 1 P 0
L 1.3858268 3.7244094 1.4251969 3.7244094 2 P 0
L 1.3877954 1.5511811 1.3877954 1.6377953 1 P 0
L 1.3877954 1.5511811 1.5649608 1.5511811 1 P 0
L 1.3877954 1.6377953 1.5649608 1.6377953 1 P 0
L 1.3877954 2.7716535 1.3877954 2.8582677 1 P 0
L 1.3877954 2.7716535 1.5649608 2.7716535 1 P 0
L 1.3877954 2.8582677 1.5649608 2.8582677 1 P 0
L 1.3877954 3.3818897 1.3877954 3.4685039 1 P 0
L 1.3877954 3.3818897 1.5649608 3.3818897 1 P 0
L 1.3877954 3.4685039 1.5649608 3.4685039 1 P 0
L 1.3877954 3.9921259 1.3877954 4.0787401 1 P 0
L 1.3877954 3.9921259 1.5649608 3.9921259 1 P 0
L 1.3877954 4.0787401 1.5649608 4.0787401 1 P 0
L 1.3877954 4.6023621 1.3877954 4.6889763 1 P 0
L 1.3877954 4.6023621 1.5649608 4.6023621 1 P 0
L 1.3877954 4.6889763 1.5649608 4.6889763 1 P 0
L 1.3927796 1.7893701 1.3927796 1.9901575 1 P 0
L 1.3927796 1.7893701 1.6762442 1.7893701 1 P 0
L 1.3927796 1.9901575 1.6762442 1.9901575 1 P 0
L 1.3956693 1.4566929 1.3956693 1.5905512 1 P 0
L 1.3976378 2.3897637 1.3976378 2.4291338 2 P 0
L 1.3976379 2.1417323 1.3976379 2.2283465 1 P 0
L 1.3976379 2.1417323 1.5748033 2.1417323 1 P 0
L 1.3976379 2.2283465 1.5748033 2.2283465 1 P 0
L 1.3998032 2.5856299 1.3998032 3.0442913 1 P 0
L 1.3998032 2.5856299 1.825 2.5856299 1 P 0
L 1.3998032 3.0442913 1.825 3.0442913 1 P 0
L 1.4055119 3.7047243 1.4055119 3.7440944 2 P 0
L 1.4212599 4.4251968 1.46063 4.4251968 2 P 0
L 1.4251968 4.562992 1.4645669 4.562992 2 P 0
L 1.4350394 0.4232284 1.4350394 0.6397638 1 P 0
L 1.4350394 2.3425196 1.4350394 2.4763779 1 P 0
L 1.4409449 4.4055118 1.4409449 4.4448819 2 P 0
L 1.4448819 3.5511811 1.484252 3.5511811 2 P 0
L 1.4448819 4.5433069 1.4448819 4.582677 2 P 0
L 1.4507875 3.6318897 1.4507875 3.8169291 1 P 0
L 1.4547244 3.6318897 1.4547244 3.8169291 1 P 0
L 1.4547244 3.6318897 1.5452756 3.6318897 1 P 0
L 1.4547244 3.8169291 1.5452756 3.8169291 1 P 0
L 1.4566931 1.5944882 1.4960631 1.5944882 2 P 0
L 1.4566931 2.8149606 1.4960631 2.8149606 2 P 0
L 1.4566931 3.4251968 1.4960631 3.4251968 2 P 0
L 1.4566931 4.035433 1.4960631 4.035433 2 P 0
L 1.4566931 4.6456692 1.4960631 4.6456692 2 P 0
L 1.464567 3.5314961 1.464567 3.5708662 2 P 0
L 1.4665356 2.1850394 1.5059056 2.1850394 2 P 0
L 1.4763781 1.5748031 1.4763781 1.6141732 2 P 0
L 1.4763781 2.7952755 1.4763781 2.8346456 2 P 0
L 1.4763781 3.4055117 1.4763781 3.4448818 2 P 0
L 1.4763781 4.0157479 1.4763781 4.055118 2 P 0
L 1.4763781 4.6259841 1.4763781 4.6653542 2 P 0
L 1.4803149 3.7244094 1.519685 3.7244094 2 P 0
L 1.4862206 2.1653543 1.4862206 2.2047244 2 P 0
L 1.4901575 0.4232284 1.4901575 0.6397638 1 P 0
L 1.4901575 0.4232284 1.7854331 0.4232284 1 P 0
L 1.4901575 0.6397638 1.7854331 0.6397638 1 P 0
L 1.5 3.7047243 1.5 3.7440944 2 P 0
L 1.5049844 1.2992126 1.5443545 1.2992126 2 P 0
L 1.5049844 2.519685 1.5443545 2.519685 2 P 0
L 1.5049844 3.1299212 1.5443545 3.1299212 2 P 0
L 1.5049844 3.7401574 1.5443545 3.7401574 2 P 0
L 1.5049844 4.3503936 1.5443545 4.3503936 2 P 0
L 1.5078741 1.4094488 1.5078741 1.4842519 1 P 0
L 1.5078741 1.4094488 1.6417324 1.4094488 1 P 0
L 1.5078741 1.4842519 1.6417324 1.4842519 1 P 0
L 1.5078741 2.6299212 1.5078741 2.7047243 1 P 0
L 1.5078741 2.6299212 1.6417324 2.6299212 1 P 0
L 1.5078741 2.7047243 1.6417324 2.7047243 1 P 0
L 1.5078741 3.2401574 1.5078741 3.3149605 1 P 0
L 1.5078741 3.2401574 1.6417324 3.2401574 1 P 0
L 1.5078741 3.3149605 1.6417324 3.3149605 1 P 0
L 1.5078741 3.8503936 1.5078741 3.9251967 1 P 0
L 1.5078741 3.8503936 1.6417324 3.8503936 1 P 0
L 1.5078741 3.9251967 1.6417324 3.9251967 1 P 0
L 1.5078741 4.4606298 1.5078741 4.5354329 1 P 0
L 1.5078741 4.4606298 1.6417324 4.4606298 1 P 0
L 1.5078741 4.5354329 1.6417324 4.5354329 1 P 0
L 1.511811 4.5255904 1.511811 4.6003935 1 P 0
L 1.5148269 1.8897638 1.554197 1.8897638 2 P 0
L 1.5177166 2 1.5177166 2.0748031 1 P 0
L 1.5177166 2 1.6515749 2 1 P 0
L 1.5177166 2.0748031 1.6515749 2.0748031 1 P 0
L 1.5246694 1.2795276 1.5246694 1.3188976 2 P 0
L 1.5246694 2.5 1.5246694 2.53937 2 P 0
L 1.5246694 3.1102362 1.5246694 3.1496062 2 P 0
L 1.5246694 3.7204724 1.5246694 3.7598424 2 P 0
L 1.5246694 4.3307086 1.5246694 4.3700786 2 P 0
L 1.5345119 1.8700788 1.5345119 1.9094488 2 P 0
L 1.5374016 3.2007874 1.5374016 3.3346457 1 P 0
L 1.5374016 3.2007874 1.6122047 3.2007874 1 P 0
L 1.5374016 3.3346457 1.6122047 3.3346457 1 P 0
L 1.5452756 3.6318897 1.5452756 3.8169291 1 P 0
L 1.5531496 3.6948818 1.5531496 3.8799212 1 P 0
L 1.5531496 3.6948818 1.6437008 3.6948818 1 P 0
L 1.5531496 3.8799212 1.6437008 3.8799212 1 P 0
L 1.5551181 3.2677165 1.5944882 3.2677165 2 P 0
L 1.5551182 1.4468504 1.5944883 1.4468504 2 P 0
L 1.5551182 2.6673228 1.5944883 2.6673228 2 P 0
L 1.5551182 3.277559 1.5944883 3.277559 2 P 0
L 1.5551182 3.8877952 1.5944883 3.8877952 2 P 0
L 1.5551182 4.4980314 1.5944883 4.4980314 2 P 0
L 1.5570867 3.5059055 1.5570867 3.5964567 1 P 0
L 1.5649607 2.0374016 1.6043308 2.0374016 2 P 0
L 1.5649607 4.3543307 1.5649607 4.496063 1 P 0
L 1.5649608 1.5511811 1.5649608 1.6377953 1 P 0
L 1.5649608 2.7716535 1.5649608 2.8582677 1 P 0
L 1.5649608 3.3818897 1.5649608 3.4685039 1 P 0
L 1.5649608 3.9921259 1.5649608 4.0787401 1 P 0
L 1.5649608 4.6023621 1.5649608 4.6889763 1 P 0
L 1.5748032 1.4271653 1.5748032 1.4665354 2 P 0
L 1.5748032 2.6476377 1.5748032 2.6870078 2 P 0
L 1.5748032 3.2480315 1.5748032 3.2874016 2 P 0
L 1.5748032 3.2578739 1.5748032 3.297244 2 P 0
L 1.5748032 3.8681101 1.5748032 3.9074802 2 P 0
L 1.5748032 4.4783463 1.5748032 4.5177164 2 P 0
L 1.5748033 2.1417323 1.5748033 2.2283465 1 P 0
L 1.5787401 3.7874015 1.6181102 3.7874015 2 P 0
L 1.5807087 4.4606299 1.5807087 4.5944882 1 P 0
L 1.5807087 4.4606299 1.6555118 4.4606299 1 P 0
L 1.5807087 4.5944882 1.6555118 4.5944882 1 P 0
L 1.5846457 2.0177165 1.5846457 2.0570866 2 P 0
L 1.5905513 1.5255905 1.5905513 1.7027559 1 P 0
L 1.5905513 1.5255905 1.6771655 1.5255905 1 P 0
L 1.5905513 1.7027559 1.6771655 1.7027559 1 P 0
L 1.5905513 2.7460629 1.5905513 2.9232283 1 P 0
L 1.5905513 2.7460629 1.6771655 2.7460629 1 P 0
L 1.5905513 2.9232283 1.6771655 2.9232283 1 P 0
L 1.5905513 3.3562991 1.5905513 3.5334645 1 P 0
L 1.5905513 3.3562991 1.6771655 3.3562991 1 P 0
L 1.5905513 3.5334645 1.6771655 3.5334645 1 P 0
L 1.5905513 3.9665353 1.5905513 4.1437007 1 P 0
L 1.5905513 3.9665353 1.6771655 3.9665353 1 P 0
L 1.5905513 4.1437007 1.6771655 4.1437007 1 P 0
L 1.5905513 4.5767715 1.5905513 4.7539369 1 P 0
L 1.5905513 4.5767715 1.6771655 4.5767715 1 P 0
L 1.5905513 4.7539369 1.6771655 4.7539369 1 P 0
L 1.5927166 2.8149606 1.6320866 2.8149606 2 P 0
L 1.5984252 3.7677164 1.5984252 3.8070865 2 P 0
L 1.5984252 4.527559 1.6377953 4.527559 2 P 0
L 1.6003938 2.1161417 1.6003938 2.2933071 1 P 0
L 1.6003938 2.1161417 1.687008 2.1161417 1 P 0
L 1.6003938 2.2933071 1.687008 2.2933071 1 P 0
L 1.6122047 3.2007874 1.6122047 3.3346457 1 P 0
L 1.6124016 2.7952755 1.6124016 2.8346456 2 P 0
L 1.6141734 1.6141732 1.6535435 1.6141732 2 P 0
L 1.6141734 2.8346456 1.6535435 2.8346456 2 P 0
L 1.6141734 3.4448818 1.6535435 3.4448818 2 P 0
L 1.6141734 4.055118 1.6535435 4.055118 2 P 0
L 1.6141734 4.6653542 1.6535435 4.6653542 2 P 0
L 1.6181102 0.5314961 1.6574803 0.5314961 2 P 0
L 1.6181103 4.507874 1.6181103 4.5472441 2 P 0
L 1.6240159 2.2047244 1.663386 2.2047244 2 P 0
L 1.6328741 3.2694882 1.6328741 3.694685 1 P 0
L 1.6328741 3.2694882 2.0915355 3.2694882 1 P 0
L 1.6328741 3.694685 2.0915355 3.694685 1 P 0
L 1.6338584 1.5944882 1.6338584 1.6338582 2 P 0
L 1.6338584 2.8149606 1.6338584 2.8543306 2 P 0
L 1.6338584 3.4251968 1.6338584 3.4645668 2 P 0
L 1.6338584 4.035433 1.6338584 4.074803 2 P 0
L 1.6338584 4.6456692 1.6338584 4.6850392 2 P 0
L 1.6377953 0.5118111 1.6377953 0.5511811 2 P 0
L 1.6417324 1.4094488 1.6417324 1.4842519 1 P 0
L 1.6417324 2.6299212 1.6417324 2.7047243 1 P 0
L 1.6417324 3.2401574 1.6417324 3.3149605 1 P 0
L 1.6417324 3.8503936 1.6417324 3.9251967 1 P 0
L 1.6417324 4.4606298 1.6417324 4.5354329 1 P 0
L 1.6437008 3.6948818 1.6437008 3.8799212 1 P 0
L 1.6437009 2.1850394 1.6437009 2.2244094 2 P 0
L 1.6515749 2 1.6515749 2.0748031 1 P 0
L 1.6555118 4.4606299 1.6555118 4.5944882 1 P 0
L 1.6664017 1.1988189 1.6664017 1.3996063 1 P 0
L 1.6664017 2.4192913 1.6664017 2.6200787 1 P 0
L 1.6664017 3.0295275 1.6664017 3.2303149 1 P 0
L 1.6664017 3.6397637 1.6664017 3.8405511 1 P 0
L 1.6664017 4.2499999 1.6664017 4.4507873 1 P 0
L 1.6762442 1.7893701 1.6762442 1.9901575 1 P 0
L 1.6771655 1.5255905 1.6771655 1.7027559 1 P 0
L 1.6771655 2.7460629 1.6771655 2.9232283 1 P 0
L 1.6771655 3.3562991 1.6771655 3.5334645 1 P 0
L 1.6771655 3.9665353 1.6771655 4.1437007 1 P 0
L 1.6771655 4.5767715 1.6771655 4.7539369 1 P 0
L 1.6811024 0.702756 1.6811024 1.1870079 1 P 0
L 1.6811024 0.702756 1.980315 0.702756 1 P 0
L 1.6811024 1.1870079 1.980315 1.1870079 1 P 0
L 1.687008 2.1161417 1.687008 2.2933071 1 P 0
L 1.724488 0.1574802 1.764488 0.1574802 4 P 0
L 1.744488 0.1374802 1.744488 0.1774802 4 P 0
L 1.7765749 2.9301181 1.7765749 3.0049212 1 P 0
L 1.7765749 2.9301181 1.9104332 2.9301181 1 P 0
L 1.7765749 3.0049212 1.9104332 3.0049212 1 P 0
L 1.7854331 0.4232284 1.7854331 0.6397638 1 P 0
L 1.8110237 0.9448819 1.8503937 0.9448819 1 P 0
L 1.823819 2.9675197 1.8631891 2.9675197 2 P 0
L 1.825 2.5856299 1.825 3.0442913 1 P 0
L 1.8307087 0.9251969 1.8307087 0.9645669 1 P 0
L 1.8405512 0.4232284 1.8405512 0.6397638 1 P 0
L 1.8405512 0.4232284 2.1358268 0.4232284 1 P 0
L 1.8405512 0.6397638 2.1358268 0.6397638 1 P 0
L 1.8415354 2.9330708 1.8415354 3.0078739 1 P 0
L 1.8415354 2.9330708 1.9753937 2.9330708 1 P 0
L 1.8415354 3.0078739 1.9753937 3.0078739 1 P 0
L 1.8425197 3.4820866 1.8818898 3.4820866 2 P 0
L 1.843504 2.9478346 1.843504 2.9872047 2 P 0
L 1.8622048 3.4624016 1.8622048 3.5017716 2 P 0
L 1.8700789 1.4173228 1.9094489 1.4173228 4 P 0
L 1.8700789 2.6377952 1.9094489 2.6377952 4 P 0
L 1.8700789 3.2480314 1.9094489 3.2480314 4 P 0
L 1.8700789 3.8582676 1.9094489 3.8582676 4 P 0
L 1.8700789 4.4685038 1.9094489 4.4685038 4 P 0
L 1.8799214 2.007874 1.9192914 2.007874 4 P 0
L 1.8887795 2.9704724 1.9281496 2.9704724 2 P 0
L 1.8897639 1.3976378 1.8897639 1.4370078 4 P 0
L 1.8897639 2.6181102 1.8897639 2.6574802 4 P 0
L 1.8897639 3.2283464 1.8897639 3.2677164 4 P 0
L 1.8897639 3.8385826 1.8897639 3.8779526 4 P 0
L 1.8897639 4.4488188 1.8897639 4.4881888 4 P 0
L 1.8996064 1.988189 1.8996064 2.027559 4 P 0
L 1.9084646 2.9507873 1.9084646 2.9901574 2 P 0
L 1.9104332 2.9301181 1.9104332 3.0049212 1 P 0
L 1.9685039 0.5314961 2.007874 0.5314961 2 P 0
L 1.9753937 2.9330708 1.9753937 3.0078739 1 P 0
L 1.980315 0.702756 1.980315 1.1870079 1 P 0
L 1.988189 0.5118111 1.988189 0.5511811 2 P 0
L 2.0492126 3.1299212 2.0492126 3.2637795 1 P 0
L 2.0492126 3.1299212 2.1240157 3.1299212 1 P 0
L 2.0492126 3.2637795 2.1240157 3.2637795 1 P 0
L 2.0669291 3.1968503 2.1062992 3.1968503 2 P 0
L 2.0866142 3.1771653 2.0866142 3.2165354 2 P 0
L 2.0915355 3.2694882 2.0915355 3.694685 1 P 0
L 2.1040945 1.1932283 2.1040945 2.0532283 4 P 0
L 2.1040945 1.1932283 2.2040945 1.1932283 4 P 0
L 2.1040945 2.0532283 2.3840945 2.0532283 4 P 0
L 2.1040945 2.0853543 2.1040945 2.9453543 4 P 0
L 2.1040945 2.0853543 2.2040945 2.0853543 4 P 0
L 2.1040945 2.9453543 2.3840945 2.9453543 4 P 0
L 2.1040945 3.2381102 2.1040945 4.0981102 4 P 0
L 2.1040945 3.2381102 2.2040945 3.2381102 4 P 0
L 2.1040945 4.0981102 2.3840945 4.0981102 4 P 0
L 2.1240157 3.1299212 2.1240157 3.2637795 1 P 0
L 2.1358268 0.4232284 2.1358268 0.6397638 1 P 0
L 2.174488 0.0174802 2.174488 0.1174802 4 P 0
L 2.174488 0.1174802 2.174488 0.2974802 4 P 0
L 2.1791339 0.4212598 2.1791339 0.7204724 1 P 0
L 2.1791339 0.4212598 2.6633858 0.4212598 1 P 0
L 2.1791339 0.7204724 2.6633858 0.7204724 1 P 0
L 2.2040945 1.1932283 2.3840945 1.1932283 4 P 0
L 2.2040945 2.0853543 2.3840945 2.0853543 4 P 0
L 2.2040945 3.2381102 2.3840945 3.2381102 4 P 0
L 2.2240945 1.6232283 2.2640945 1.6232283 4 P 0
L 2.2240945 2.5153543 2.2640945 2.5153543 4 P 0
L 2.2240945 3.6681102 2.2640945 3.6681102 4 P 0
L 2.2440945 1.6032283 2.2440945 1.6432283 4 P 0
L 2.2440945 2.4953543 2.2440945 2.5353543 4 P 0
L 2.2440945 3.6481102 2.2440945 3.6881102 4 P 0
L 2.2480316 0.781496 2.2480316 0.8877953 1 P 0
L 2.2480316 0.781496 2.3740158 0.781496 1 P 0
L 2.2480316 0.8877953 2.3740158 0.8877953 1 P 0
L 2.2913386 0.8346456 2.3307087 0.8346456 2 P 0
L 2.3110237 0.8149606 2.3110237 0.8543307 2 P 0
L 2.3740158 0.781496 2.3740158 0.8877953 1 P 0
L 2.3840945 1.1932283 2.3840945 2.0532283 4 P 0
L 2.3840945 2.0853543 2.3840945 2.9453543 4 P 0
L 2.3840945 3.2381102 2.3840945 4.0981102 4 P 0
L 2.3993701 1.1932283 2.3993701 2.0532283 4 P 0
L 2.3993701 1.1932283 2.6793701 1.1932283 4 P 0
L 2.3993701 2.0532283 2.5793701 2.0532283 4 P 0
L 2.3993701 2.0853543 2.3993701 2.9453543 4 P 0
L 2.3993701 2.0853543 2.6793701 2.0853543 4 P 0
L 2.3993701 2.9453543 2.5793701 2.9453543 4 P 0
L 2.3993701 3.3727559 2.3993701 4.2327559 4 P 0
L 2.3993701 3.3727559 2.6793701 3.3727559 4 P 0
L 2.3993701 4.2327559 2.5793701 4.2327559 4 P 0
L 2.4015749 0.5708661 2.4409449 0.5708661 1 P 0
L 2.4212599 0.5511811 2.4212599 0.5905511 1 P 0
L 2.4704725 0.8897637 2.4704725 0.9763779 1 P 0
L 2.4704725 0.8897637 2.6476379 0.8897637 1 P 0
L 2.4704725 0.9763779 2.6476379 0.9763779 1 P 0
L 2.511811 0.785433 2.511811 0.8602362 1 P 0
L 2.511811 0.785433 2.6456693 0.785433 1 P 0
L 2.511811 0.8602362 2.6456693 0.8602362 1 P 0
L 2.5193701 1.6232283 2.5593701 1.6232283 4 P 0
L 2.5193701 2.5153543 2.5593701 2.5153543 4 P 0
L 2.5193701 3.8027559 2.5593701 3.8027559 4 P 0
L 2.5374016 4.269685 2.5374016 4.3602362 1 P 0
L 2.5374016 4.269685 2.722441 4.269685 1 P 0
L 2.5374016 4.3602362 2.722441 4.3602362 1 P 0
L 2.5393701 1.6032283 2.5393701 1.6432283 4 P 0
L 2.5393701 2.4953543 2.5393701 2.5353543 4 P 0
L 2.5393701 3.7827559 2.5393701 3.8227559 4 P 0
L 2.5393702 0.9330708 2.5787402 0.9330708 2 P 0
L 2.5590551 0.8228346 2.5984252 0.8228346 2 P 0
L 2.5590552 0.9133857 2.5590552 0.9527558 2 P 0
L 2.5787402 0.8031496 2.5787402 0.8425196 2 P 0
L 2.5793701 2.0532283 2.6793701 2.0532283 4 P 0
L 2.5793701 2.9453543 2.6793701 2.9453543 4 P 0
L 2.5793701 4.2327559 2.6793701 4.2327559 4 P 0
L 2.6102362 4.3149606 2.6496063 4.3149606 2 P 0
L 2.6299213 4.2952756 2.6299213 4.3346457 2 P 0
L 2.6446851 3.496063 2.6446851 3.9212598 1 P 0
L 2.6446851 3.496063 3.1033465 3.496063 1 P 0
L 2.6446851 3.9212598 3.1033465 3.9212598 1 P 0
L 2.6456693 0.785433 2.6456693 0.8602362 1 P 0
L 2.6476379 0.8897637 2.6476379 0.9763779 1 P 0
L 2.6515749 3.1850393 2.6515749 3.3188976 1 P 0
L 2.6515749 3.1850393 2.726378 3.1850393 1 P 0
L 2.6515749 3.3188976 2.726378 3.3188976 1 P 0
L 2.6624016 4.0748031 2.6624016 4.2559054 1 P 0
L 2.6624016 4.0748031 2.8887796 4.0748031 1 P 0
L 2.6624016 4.2559054 2.8887796 4.2559054 1 P 0
L 2.6633858 0.4212598 2.6633858 0.7204724 1 P 0
L 2.667323 4.0039369 2.667323 4.1377952 1 P 0
L 2.667323 4.0039369 2.7421261 4.0039369 1 P 0
L 2.667323 4.1377952 2.7421261 4.1377952 1 P 0
L 2.6692914 2.5216535 2.6692914 2.5964566 1 P 0
L 2.6692914 2.5216535 2.8031497 2.5216535 1 P 0
L 2.6692914 2.5964566 2.8031497 2.5964566 1 P 0
L 2.6692914 3.2519685 2.7086615 3.2519685 2 P 0
L 2.677756 2.0771654 2.677756 2.5023622 1 P 0
L 2.677756 2.0771654 3.1364174 2.0771654 1 P 0
L 2.677756 2.5023622 3.1364174 2.5023622 1 P 0
L 2.6793701 1.1932283 2.6793701 2.0532283 4 P 0
L 2.6793701 2.0853543 2.6793701 2.9453543 4 P 0
L 2.6793701 3.3727559 2.6793701 4.2327559 4 P 0
L 2.6850395 4.0708661 2.7244096 4.0708661 2 P 0
L 2.6870079 0.3051181 2.6870079 0.5216535 1 P 0
L 2.6870079 0.3051181 2.9822835 0.3051181 1 P 0
L 2.6870079 0.5216535 2.9822835 0.5216535 1 P 0
L 2.6889764 3.2322834 2.6889764 3.2716535 2 P 0
L 2.6909449 1.4527559 2.6909449 1.5866142 1 P 0
L 2.6909449 1.4527559 2.765748 1.4527559 1 P 0
L 2.6909449 1.5866142 2.765748 1.5866142 1 P 0
L 2.6968504 0.6712598 2.6968504 0.8484252 1 P 0
L 2.6968504 0.6712598 2.7834646 0.6712598 1 P 0
L 2.6968504 0.8484252 2.7834646 0.8484252 1 P 0
L 2.7047245 4.051181 2.7047245 4.0905511 2 P 0
L 2.7086614 1.519685 2.7480315 1.519685 2 P 0
L 2.7106299 1.547244 2.7106299 1.6811023 1 P 0
L 2.7106299 1.547244 2.785433 1.547244 1 P 0
L 2.7106299 1.6811023 2.785433 1.6811023 1 P 0
L 2.7165355 2.5590551 2.7559056 2.5590551 2 P 0
L 2.7171261 2.7600393 2.7171261 3.1852361 1 P 0
L 2.7171261 2.7600393 3.1757875 2.7600393 1 P 0
L 2.7171261 3.1852361 3.1757875 3.1852361 1 P 0
L 2.7204725 0.7598425 2.7598426 0.7598425 2 P 0
L 2.722441 4.269685 2.722441 4.3602362 1 P 0
L 2.726378 3.1850393 2.726378 3.3188976 1 P 0
L 2.7283464 1.6141732 2.7677165 1.6141732 2 P 0
L 2.7283465 1.5 2.7283465 1.5393701 2 P 0
L 2.7362206 2.53937 2.7362206 2.5787401 2 P 0
L 2.7401575 0.7401575 2.7401575 0.7795275 2 P 0
L 2.7421261 4.0039369 2.7421261 4.1377952 1 P 0
L 2.7480315 1.5944881 2.7480315 1.6338582 2 P 0
L 2.7559055 4.1653543 2.7952756 4.1653543 2 P 0
L 2.7574803 4.019685 2.7574803 4.531496 4 P 0
L 2.7574803 4.019685 3.3283465 4.019685 4 P 0
L 2.7574803 4.531496 3.3283465 4.531496 4 P 0
L 2.765748 1.4527559 2.765748 1.5866142 1 P 0
L 2.7683072 1.4984251 2.7683072 1.9236219 1 P 0
L 2.7683072 1.4984251 3.2269686 1.4984251 1 P 0
L 2.7683072 1.9236219 3.2269686 1.9236219 1 P 0
L 2.7755906 4.1456692 2.7755906 4.1850393 2 P 0
L 2.7834646 0.6712598 2.7834646 0.8484252 1 P 0
L 2.785433 1.547244 2.785433 1.6811023 1 P 0
L 2.8031497 2.5216535 2.8031497 2.5964566 1 P 0
L 2.8051182 1.5866141 2.8051182 1.7283464 1 P 0
L 2.8051182 1.5866141 3.0531497 1.5866141 1 P 0
L 2.8051182 1.7283464 3.0531497 1.7283464 1 P 0
L 2.8149606 0.4133858 2.8543307 0.4133858 2 P 0
L 2.8346457 0.3937008 2.8346457 0.4330708 2 P 0
L 2.8467717 0.0174803 2.8467717 0.2974803 4 P 0
L 2.8467717 0.0174803 3.7067717 0.0174803 4 P 0
L 2.8467717 0.2974803 3.7067717 0.2974803 4 P 0
L 2.8543308 3.7086614 2.8937009 3.7086614 2 P 0
L 2.872441 1.2795277 2.911811 1.2795277 4 P 0
L 2.872441 1.928819 2.911811 1.928819 4 P 0
L 2.872441 2.5781103 2.911811 2.5781103 4 P 0
L 2.872441 3.2274016 2.911811 3.2274016 4 P 0
L 2.872441 3.8766929 2.911811 3.8766929 4 P 0
L 2.872441 4.5259842 2.911811 4.5259842 4 P 0
L 2.8740158 3.6889764 2.8740158 3.7283464 2 P 0
L 2.8874017 2.2897638 2.9267718 2.2897638 2 P 0
L 2.8887796 4.0748031 2.8887796 4.2559054 1 P 0
L 2.892126 1.2598427 2.892126 1.2992127 4 P 0
L 2.892126 1.909134 2.892126 1.948504 4 P 0
L 2.892126 2.5584253 2.892126 2.5977953 4 P 0
L 2.892126 3.2077166 2.892126 3.2470866 4 P 0
L 2.892126 3.8570079 2.892126 3.8963779 4 P 0
L 2.892126 4.5062992 2.892126 4.5456692 4 P 0
L 2.9070867 2.2700788 2.9070867 2.3094488 2 P 0
L 2.9094489 1.6574803 2.948819 1.6574803 2 P 0
L 2.9267718 2.9726377 2.9661419 2.9726377 2 P 0
L 2.9291339 1.6377952 2.9291339 1.6771653 2 P 0
L 2.9389764 0.7312992 2.9389764 1.0797244 1 P 0
L 2.9389764 0.7312992 3.242126 0.7312992 1 P 0
L 2.9389764 1.0797244 3.242126 1.0797244 1 P 0
L 2.9448819 1.5059056 2.9448819 1.5807087 1 P 0
L 2.9448819 1.5059056 3.0787402 1.5059056 1 P 0
L 2.9448819 1.5807087 3.0787402 1.5807087 1 P 0
L 2.9464568 2.9529527 2.9464568 2.9923227 2 P 0
L 2.9687008 4.2755905 3.0187008 4.2755905 4 P 0
L 2.9779529 1.7110235 3.017323 1.7110235 2 P 0
L 2.9822835 0.3051181 2.9822835 0.5216535 1 P 0
L 2.992126 1.5433071 3.0314961 1.5433071 2 P 0
L 2.9937008 4.2505905 2.9937008 4.3005905 4 P 0
L 2.9976379 1.6913385 2.9976379 1.7307085 2 P 0
L 3.0059055 0.3051181 3.0059055 0.5216535 1 P 0
L 3.0059055 0.3051181 3.3011811 0.3051181 1 P 0
L 3.0059055 0.5216535 3.3011811 0.5216535 1 P 0
L 3.0094489 3.2129921 3.0094489 3.2877952 1 P 0
L 3.0094489 3.2129921 3.1433072 3.2129921 1 P 0
L 3.0094489 3.2877952 3.1433072 3.2877952 1 P 0
L 3.0118111 1.5236221 3.0118111 1.5629922 2 P 0
L 3.0531497 1.5866141 3.0531497 1.7283464 1 P 0
L 3.056693 3.2503936 3.0960631 3.2503936 2 P 0
L 3.0708662 0.9055118 3.1102363 0.9055118 2 P 0
L 3.076378 3.2307086 3.076378 3.2700787 2 P 0
L 3.0787402 1.5059056 3.0787402 1.5807087 1 P 0
L 3.0905512 0.8858268 3.0905512 0.9251968 2 P 0
L 3.0944882 3.9192913 3.0944882 3.9940944 1 P 0
L 3.0944882 3.9192913 3.2283465 3.9192913 1 P 0
L 3.0944882 3.9940944 3.2283465 3.9940944 1 P 0
L 3.0964567 1.6830708 3.0964567 1.8602362 1 P 0
L 3.0964567 1.6830708 3.1830709 1.6830708 1 P 0
L 3.0964567 1.8602362 3.1830709 1.8602362 1 P 0
L 3.1003937 1.5236219 3.1003937 1.6574802 1 P 0
L 3.1003937 1.5236219 3.1751968 1.5236219 1 P 0
L 3.1003937 1.6574802 3.1751968 1.6574802 1 P 0
L 3.1033465 3.496063 3.1033465 3.9212598 1 P 0
L 3.1047244 0.9940946 3.1047244 1.17126 1 P 0
L 3.1047244 0.9940946 3.1913386 0.9940946 1 P 0
L 3.1047244 1.17126 3.1913386 1.17126 1 P 0
L 3.1047244 2.2926772 3.1047244 2.4698426 1 P 0
L 3.1047244 2.2926772 3.1913386 2.2926772 1 P 0
L 3.1047244 2.4698426 3.1913386 2.4698426 1 P 0
L 3.1047244 2.9419685 3.1047244 3.1191339 1 P 0
L 3.1047244 2.9419685 3.1913386 2.9419685 1 P 0
L 3.1047244 3.1191339 3.1913386 3.1191339 1 P 0
L 3.1047244 3.5912598 3.1047244 3.7684252 1 P 0
L 3.1047244 3.5912598 3.1913386 3.5912598 1 P 0
L 3.1047244 3.7684252 3.1913386 3.7684252 1 P 0
L 3.1047244 4.2405511 3.1047244 4.4177165 1 P 0
L 3.1047244 4.2405511 3.1913386 4.2405511 1 P 0
L 3.1047244 4.4177165 3.1913386 4.4177165 1 P 0
L 3.1154882 1.2972442 3.1154882 1.4980316 1 P 0
L 3.1154882 1.2972442 3.3989528 1.2972442 1 P 0
L 3.1154882 1.4980316 3.3989528 1.4980316 1 P 0
L 3.1154882 1.9465355 3.1154882 2.1473229 1 P 0
L 3.1154882 1.9465355 3.3989528 1.9465355 1 P 0
L 3.1154882 2.1473229 3.3989528 2.1473229 1 P 0
L 3.1154882 2.5958267 3.1154882 2.7966141 1 P 0
L 3.1154882 2.5958267 3.3989528 2.5958267 1 P 0
L 3.1154882 2.7966141 3.3989528 2.7966141 1 P 0
L 3.1154882 3.245118 3.1154882 3.4459054 1 P 0
L 3.1154882 3.245118 3.3989528 3.245118 1 P 0
L 3.1154882 3.4459054 3.3989528 3.4459054 1 P 0
L 3.1154882 3.8944094 3.1154882 4.0951968 1 P 0
L 3.1154882 3.8944094 3.3989528 3.8944094 1 P 0
L 3.1154882 4.0951968 3.3989528 4.0951968 1 P 0
L 3.1154882 4.5437006 3.1154882 4.744488 1 P 0
L 3.1154882 4.5437006 3.3989528 4.5437006 1 P 0
L 3.1154882 4.744488 3.3989528 4.744488 1 P 0
L 3.1181102 1.5905511 3.1574803 1.5905511 2 P 0
L 3.1200787 1.7716535 3.1594488 1.7716535 2 P 0
L 3.1283464 1.0826773 3.1677165 1.0826773 2 P 0
L 3.1283464 2.3812599 3.1677165 2.3812599 2 P 0
L 3.1283464 3.0305512 3.1677165 3.0305512 2 P 0
L 3.1283464 3.6798425 3.1677165 3.6798425 2 P 0
L 3.1283464 4.3291338 3.1677165 4.3291338 2 P 0
L 3.1338582 0.4133858 3.1732283 0.4133858 2 P 0
L 3.1364174 2.0771654 3.1364174 2.5023622 1 P 0
L 3.1377953 1.570866 3.1377953 1.6102361 2 P 0
L 3.1397638 1.7519685 3.1397638 1.7913385 2 P 0
L 3.1417323 3.9566929 3.1811024 3.9566929 2 P 0
L 3.1433072 3.2129921 3.1433072 3.2877952 1 P 0
L 3.1480315 1.0629923 3.1480315 1.1023623 2 P 0
L 3.1480315 2.3615749 3.1480315 2.4009449 2 P 0
L 3.1480315 3.0108662 3.1480315 3.0502362 2 P 0
L 3.1480315 3.6601575 3.1480315 3.6995275 2 P 0
L 3.1480315 4.3094488 3.1480315 4.3488188 2 P 0
L 3.1535433 0.3937008 3.1535433 0.4330708 2 P 0
L 3.1614174 3.9370078 3.1614174 3.9763779 2 P 0
L 3.1633858 0.5787402 3.1633858 0.7125985 1 P 0
L 3.1633858 0.5787402 3.238189 0.5787402 1 P 0
L 3.1633858 0.7125985 3.238189 0.7125985 1 P 0
L 3.1692913 3.7854331 3.1692913 3.8602362 1 P 0
L 3.1692913 3.7854331 3.3031496 3.7854331 1 P 0
L 3.1692913 3.8602362 3.3031496 3.8602362 1 P 0
L 3.1751968 1.5236219 3.1751968 1.6574802 1 P 0
L 3.1757875 2.7600393 3.1757875 3.1852361 1 P 0
L 3.1811024 0.6456693 3.2204724 0.6456693 2 P 0
L 3.1830709 1.6830708 3.1830709 1.8602362 1 P 0
L 3.1913386 0.9940946 3.1913386 1.17126 1 P 0
L 3.1913386 2.2926772 3.1913386 2.4698426 1 P 0
L 3.1913386 2.9419685 3.1913386 3.1191339 1 P 0
L 3.1913386 3.5912598 3.1913386 3.7684252 1 P 0
L 3.1913386 4.2405511 3.1913386 4.4177165 1 P 0
L 3.2007874 0.6259843 3.2007874 0.6653544 2 P 0
L 3.2043308 2.380315 3.2043308 2.5141733 1 P 0
L 3.2043308 2.380315 3.2791339 2.380315 1 P 0
L 3.2043308 2.5141733 3.2791339 2.5141733 1 P 0
L 3.2165354 3.8228346 3.2559055 3.8228346 2 P 0
L 3.2169291 1.0590552 3.2169291 1.1456694 1 P 0
L 3.2169291 1.0590552 3.3940945 1.0590552 1 P 0
L 3.2169291 1.1456694 3.3940945 1.1456694 1 P 0
L 3.2169291 1.7083465 3.2169291 1.7949607 1 P 0
L 3.2169291 1.7083465 3.3940945 1.7083465 1 P 0
L 3.2169291 1.7949607 3.3940945 1.7949607 1 P 0
L 3.2169291 2.3576378 3.2169291 2.444252 1 P 0
L 3.2169291 2.3576378 3.3940945 2.3576378 1 P 0
L 3.2169291 2.444252 3.3940945 2.444252 1 P 0
L 3.2169291 3.0069291 3.2169291 3.0935433 1 P 0
L 3.2169291 3.0069291 3.3940945 3.0069291 1 P 0
L 3.2169291 3.0935433 3.3940945 3.0935433 1 P 0
L 3.2169291 3.6562204 3.2169291 3.7428346 1 P 0
L 3.2169291 3.6562204 3.3940945 3.6562204 1 P 0
L 3.2169291 3.7428346 3.3940945 3.7428346 1 P 0
L 3.2169291 4.3055117 3.2169291 4.3921259 1 P 0
L 3.2169291 4.3055117 3.3940945 4.3055117 1 P 0
L 3.2169291 4.3921259 3.3940945 4.3921259 1 P 0
L 3.2220473 2.4472441 3.2614174 2.4472441 2 P 0
L 3.2269686 1.4984251 3.2269686 1.9236219 1 P 0
L 3.2283465 3.9192913 3.2283465 3.9940944 1 P 0
L 3.234252 1.8425197 3.234252 1.976378 1 P 0
L 3.234252 1.8425197 3.3090551 1.8425197 1 P 0
L 3.234252 1.976378 3.3090551 1.976378 1 P 0
L 3.2362205 3.8031496 3.2362205 3.8425197 2 P 0
L 3.2375354 1.3976379 3.2769055 1.3976379 2 P 0
L 3.2375354 2.0469292 3.2769055 2.0469292 2 P 0
L 3.2375354 2.6962204 3.2769055 2.6962204 2 P 0
L 3.2375354 3.3455117 3.2769055 3.3455117 2 P 0
L 3.2375354 3.9948031 3.2769055 3.9948031 2 P 0
L 3.2375354 4.6440943 3.2769055 4.6440943 2 P 0
L 3.238189 0.5787402 3.238189 0.7125985 1 P 0
L 3.2417324 2.4275591 3.2417324 2.4669292 2 P 0
L 3.242126 0.7312992 3.242126 1.0797244 1 P 0
L 3.2509844 0.4488189 3.2509844 0.5236221 1 P 0
L 3.2509844 0.4488189 3.3848427 0.4488189 1 P 0
L 3.2509844 0.5236221 3.3848427 0.5236221 1 P 0
L 3.2519685 1.9094488 3.2913386 1.9094488 2 P 0
L 3.2519686 0.5728347 3.2519686 0.6476378 1 P 0
L 3.2519686 0.5728347 3.3858269 0.5728347 1 P 0
L 3.2519686 0.6476378 3.3858269 0.6476378 1 P 0
L 3.2567717 0.1574803 3.2967717 0.1574803 4 P 0
L 3.2572205 1.3779529 3.2572205 1.4173229 2 P 0
L 3.2572205 2.0272442 3.2572205 2.0666142 2 P 0
L 3.2572205 2.6765354 3.2572205 2.7159054 2 P 0
L 3.2572205 3.3258267 3.2572205 3.3651967 2 P 0
L 3.2572205 3.9751181 3.2572205 4.0144881 2 P 0
L 3.2572205 4.6244093 3.2572205 4.6637793 2 P 0
L 3.2622047 1.1830711 3.2622047 1.2578742 1 P 0
L 3.2622047 1.1830711 3.396063 1.1830711 1 P 0
L 3.2622047 1.2578742 3.396063 1.2578742 1 P 0
L 3.2622047 1.8323624 3.2622047 1.9071655 1 P 0
L 3.2622047 1.8323624 3.396063 1.8323624 1 P 0
L 3.2622047 1.9071655 3.396063 1.9071655 1 P 0
L 3.2622047 2.4816537 3.2622047 2.5564568 1 P 0
L 3.2622047 2.4816537 3.396063 2.4816537 1 P 0
L 3.2622047 2.5564568 3.396063 2.5564568 1 P 0
L 3.2622047 3.130945 3.2622047 3.2057481 1 P 0
L 3.2622047 3.130945 3.396063 3.130945 1 P 0
L 3.2622047 3.2057481 3.396063 3.2057481 1 P 0
L 3.2622047 4.4295276 3.2622047 4.5043307 1 P 0
L 3.2622047 4.4295276 3.396063 4.4295276 1 P 0
L 3.2622047 4.5043307 3.396063 4.5043307 1 P 0
L 3.2716536 0.9822834 3.2716536 1.0728346 1 P 0
L 3.2716536 0.9822834 3.456693 0.9822834 1 P 0
L 3.2716536 1.0728346 3.456693 1.0728346 1 P 0
L 3.2716536 1.8897638 3.2716536 1.9291339 2 P 0
L 3.2736221 0.8799212 3.2736221 0.9704724 1 P 0
L 3.2736221 0.8799212 3.4586615 0.8799212 1 P 0
L 3.2736221 0.9704724 3.4586615 0.9704724 1 P 0
L 3.2767717 0.1374803 3.2767717 0.1774803 4 P 0
L 3.2791339 2.380315 3.2791339 2.5141733 1 P 0
L 3.2858268 1.1023623 3.3251968 1.1023623 2 P 0
L 3.2858268 1.7516536 3.3251968 1.7516536 2 P 0
L 3.2858268 2.4009449 3.3251968 2.4009449 2 P 0
L 3.2858268 3.0502362 3.3251968 3.0502362 2 P 0
L 3.2858268 3.6995275 3.3251968 3.6995275 2 P 0
L 3.2858268 4.3488188 3.3251968 4.3488188 2 P 0
L 3.2982285 0.4862205 3.3375986 0.4862205 2 P 0
L 3.2992127 0.6102362 3.3385828 0.6102362 2 P 0
L 3.3011811 0.3051181 3.3011811 0.5216535 1 P 0
L 3.3011811 1.5531495 3.3011811 1.6437007 1 P 0
L 3.3011811 1.5531495 3.4862205 1.5531495 1 P 0
L 3.3011811 1.6437007 3.4862205 1.6437007 1 P 0
L 3.3011811 1.6555117 3.3011811 1.7460629 1 P 0
L 3.3011811 1.6555117 3.4862205 1.6555117 1 P 0
L 3.3011811 1.7460629 3.4862205 1.7460629 1 P 0
L 3.3031496 3.7854331 3.3031496 3.8602362 1 P 0
L 3.3055118 1.0826773 3.3055118 1.1220474 2 P 0
L 3.3055118 1.7319686 3.3055118 1.7713387 2 P 0
L 3.3055118 2.3812599 3.3055118 2.42063 2 P 0
L 3.3055118 3.0305512 3.3055118 3.0699213 2 P 0
L 3.3055118 3.6798425 3.3055118 3.7192126 2 P 0
L 3.3055118 4.3291338 3.3055118 4.3685039 2 P 0
L 3.3090551 1.8425197 3.3090551 1.976378 1 P 0
L 3.3094488 1.2204726 3.3488189 1.2204726 2 P 0
L 3.3094488 1.8697639 3.3488189 1.8697639 2 P 0
L 3.3094488 2.5190552 3.3488189 2.5190552 2 P 0
L 3.3094488 3.1683465 3.3488189 3.1683465 2 P 0
L 3.3094488 4.4669291 3.3488189 4.4669291 2 P 0
L 3.3179135 0.4665355 3.3179135 0.5059055 2 P 0
L 3.3188977 0.5905512 3.3188977 0.6299213 2 P 0
L 3.3188977 1.3838582 3.3188977 1.4586614 1 P 0
L 3.3188977 1.3838582 3.452756 1.3838582 1 P 0
L 3.3188977 1.4586614 3.452756 1.4586614 1 P 0
L 3.3188977 1.4704723 3.3188977 1.5452755 1 P 0
L 3.3188977 1.4704723 3.452756 1.4704723 1 P 0
L 3.3188977 1.5452755 3.452756 1.5452755 1 P 0
L 3.3248031 0.3051181 3.3248031 0.5216535 1 P 0
L 3.3248031 0.3051181 3.6200787 0.3051181 1 P 0
L 3.3248031 0.5216535 3.6200787 0.5216535 1 P 0
L 3.3283465 4.019685 3.3283465 4.531496 4 P 0
L 3.3291339 1.2007876 3.3291339 1.2401577 2 P 0
L 3.3291339 1.8500789 3.3291339 1.889449 2 P 0
L 3.3291339 2.4993702 3.3291339 2.5387403 2 P 0
L 3.3291339 3.1486615 3.3291339 3.1880316 2 P 0
L 3.3291339 4.4472441 3.3291339 4.4866142 2 P 0
L 3.3425197 1.1476378 3.3425197 1.3248032 1 P 0
L 3.3425197 1.1476378 3.4291339 1.1476378 1 P 0
L 3.3425197 1.3248032 3.4291339 1.3248032 1 P 0
L 3.3425197 4.0718503 3.3425197 4.2982283 1 P 0
L 3.3425197 4.0718503 3.523622 4.0718503 1 P 0
L 3.3425197 4.2982283 3.523622 4.2982283 1 P 0
L 3.3444882 1.027559 3.3838583 1.027559 2 P 0
L 3.3464567 0.9251968 3.3858268 0.9251968 2 P 0
L 3.3641733 1.007874 3.3641733 1.0472441 2 P 0
L 3.3661418 0.9055118 3.3661418 0.9448819 2 P 0
L 3.3661418 1.2362205 3.4055119 1.2362205 2 P 0
L 3.3661418 1.4212598 3.4055119 1.4212598 2 P 0
L 3.3661418 1.5078739 3.4055119 1.5078739 2 P 0
L 3.3740158 1.5984251 3.4133859 1.5984251 2 P 0
L 3.3740158 1.7007873 3.4133859 1.7007873 2 P 0
L 3.3759843 4.3287401 3.3759843 4.4192913 1 P 0
L 3.3759843 4.3287401 3.5610237 4.3287401 1 P 0
L 3.3759843 4.4192913 3.5610237 4.4192913 1 P 0
L 3.3848427 0.4488189 3.3848427 0.5236221 1 P 0
L 3.3858268 1.2165355 3.3858268 1.2559055 2 P 0
L 3.3858268 1.4015748 3.3858268 1.4409448 2 P 0
L 3.3858268 1.4881889 3.3858268 1.5275589 2 P 0
L 3.3858269 0.5728347 3.3858269 0.6476378 1 P 0
L 3.3937008 0.6053149 3.3937008 0.7726378 1 P 0
L 3.3937008 0.6053149 3.5354331 0.6053149 1 P 0
L 3.3937008 0.7726378 3.5354331 0.7726378 1 P 0
L 3.3937008 1.57874 3.3937008 1.6181101 2 P 0
L 3.3937008 1.6811022 3.3937008 1.7204723 2 P 0
L 3.3940945 1.0590552 3.3940945 1.1456694 1 P 0
L 3.3940945 1.7083465 3.3940945 1.7949607 1 P 0
L 3.3940945 2.3576378 3.3940945 2.444252 1 P 0
L 3.3940945 3.0069291 3.3940945 3.0935433 1 P 0
L 3.3940945 3.6562204 3.3940945 3.7428346 1 P 0
L 3.3940945 4.3055117 3.3940945 4.3921259 1 P 0
L 3.396063 1.1830711 3.396063 1.2578742 1 P 0
L 3.396063 1.8323624 3.396063 1.9071655 1 P 0
L 3.396063 2.4816537 3.396063 2.5564568 1 P 0
L 3.396063 3.130945 3.396063 3.2057481 1 P 0
L 3.396063 4.4295276 3.396063 4.5043307 1 P 0
L 3.3989528 1.2972442 3.3989528 1.4980316 1 P 0
L 3.3989528 1.9465355 3.3989528 2.1473229 1 P 0
L 3.3989528 2.5958267 3.3989528 2.7966141 1 P 0
L 3.3989528 3.245118 3.3989528 3.4459054 1 P 0
L 3.3989528 3.8944094 3.3989528 4.0951968 1 P 0
L 3.3989528 4.5437006 3.3989528 4.744488 1 P 0
L 3.4133858 4.1850393 3.4527559 4.1850393 2 P 0
L 3.4291339 1.1476378 3.4291339 1.3248032 1 P 0
L 3.4330709 4.1653542 3.4330709 4.2047243 2 P 0
L 3.4440945 1.0641682 3.4440945 1.1980265 1 P 0
L 3.4440945 1.0641682 3.5188976 1.0641682 1 P 0
L 3.4440945 1.1980265 3.5188976 1.1980265 1 P 0
L 3.4440945 1.7531062 3.4440945 1.8869645 1 P 0
L 3.4440945 1.7531062 3.5188976 1.7531062 1 P 0
L 3.4440945 1.8869645 3.5188976 1.8869645 1 P 0
L 3.4440945 2.4420442 3.4440945 2.5759025 1 P 0
L 3.4440945 2.4420442 3.5188976 2.4420442 1 P 0
L 3.4440945 2.5759025 3.5188976 2.5759025 1 P 0
L 3.4440945 3.1309822 3.4440945 3.2648405 1 P 0
L 3.4440945 3.1309822 3.5188976 3.1309822 1 P 0
L 3.4440945 3.2648405 3.5188976 3.2648405 1 P 0
L 3.4448819 0.6889763 3.484252 0.6889763 2 P 0
L 3.4488189 4.3740157 3.488189 4.3740157 2 P 0
L 3.4527558 0.4133858 3.4921259 0.4133858 2 P 0
L 3.452756 1.3838582 3.452756 1.4586614 1 P 0
L 3.452756 1.4704723 3.452756 1.5452755 1 P 0
L 3.456693 0.9822834 3.456693 1.0728346 1 P 0
L 3.4586615 0.8799212 3.4586615 0.9704724 1 P 0
L 3.461811 1.1310974 3.5011811 1.1310974 2 P 0
L 3.461811 1.8200354 3.5011811 1.8200354 2 P 0
L 3.461811 2.5089734 3.5011811 2.5089734 2 P 0
L 3.461811 3.1979114 3.5011811 3.1979114 2 P 0
L 3.464567 0.6692913 3.464567 0.7086614 2 P 0
L 3.4653938 1.1581159 3.4653938 1.5635475 3 P 0
L 3.4653938 1.1581159 3.9499606 1.1581159 3 P 0
L 3.4653938 1.5635475 3.9499606 1.5635475 3 P 0
L 3.468504 4.3543307 3.468504 4.3937008 2 P 0
L 3.4724409 0.3937008 3.4724409 0.4330708 2 P 0
L 3.4814961 1.1114123 3.4814961 1.1507824 2 P 0
L 3.4814961 1.8003503 3.4814961 1.8397204 2 P 0
L 3.4814961 2.4892883 3.4814961 2.5286584 2 P 0
L 3.4814961 3.1782263 3.4814961 3.2175964 2 P 0
L 3.4862205 1.5531495 3.4862205 1.6437007 1 P 0
L 3.4862205 1.6555117 3.4862205 1.7460629 1 P 0
L 3.5188976 1.0641682 3.5188976 1.1980265 1 P 0
L 3.5188976 1.7531062 3.5188976 1.8869645 1 P 0
L 3.5188976 2.4420442 3.5188976 2.5759025 1 P 0
L 3.5188976 3.1309822 3.5188976 3.2648405 1 P 0
L 3.523622 4.0718503 3.523622 4.2982283 1 P 0
L 3.5275591 1.0767716 3.5275591 1.1515748 1 P 0
L 3.5275591 1.0767716 3.6614174 1.0767716 1 P 0
L 3.5275591 1.1515748 3.6614174 1.1515748 1 P 0
L 3.5295276 0.7145668 3.5295276 0.8996062 1 P 0
L 3.5295276 0.7145668 3.6200788 0.7145668 1 P 0
L 3.5295276 0.8996062 3.6200788 0.8996062 1 P 0
L 3.5354331 0.6053149 3.5354331 0.7726378 1 P 0
L 3.5393701 0.9153543 3.5393701 0.9901574 1 P 0
L 3.5393701 0.9153543 3.6732284 0.9153543 1 P 0
L 3.5393701 0.9901574 3.6732284 0.9901574 1 P 0
L 3.5433072 0.9980314 3.5433072 1.0728346 1 P 0
L 3.5433072 0.9980314 3.6771655 0.9980314 1 P 0
L 3.5433072 1.0728346 3.6771655 1.0728346 1 P 0
L 3.5464568 0.8673179 3.5464568 1.0011762 1 P 0
L 3.5464568 0.8673179 3.6212599 0.8673179 1 P 0
L 3.5464568 1.0011762 3.6212599 1.0011762 1 P 0
L 3.5464568 1.5562559 3.5464568 1.6901142 1 P 0
L 3.5464568 1.5562559 3.6212599 1.5562559 1 P 0
L 3.5464568 1.6901142 3.6212599 1.6901142 1 P 0
L 3.5464568 2.2451939 3.5464568 2.3790522 1 P 0
L 3.5464568 2.2451939 3.6212599 2.2451939 1 P 0
L 3.5464568 2.3790522 3.6212599 2.3790522 1 P 0
L 3.5464568 2.9341319 3.5464568 3.0679902 1 P 0
L 3.5464568 2.9341319 3.6212599 2.9341319 1 P 0
L 3.5464568 3.0679902 3.6212599 3.0679902 1 P 0
L 3.5464568 3.6230699 3.5464568 3.7569282 1 P 0
L 3.5464568 3.6230699 3.6212599 3.6230699 1 P 0
L 3.5464568 3.7569282 3.6212599 3.7569282 1 P 0
L 3.5464568 4.3120079 3.5464568 4.4458662 1 P 0
L 3.5464568 4.3120079 3.6212599 4.3120079 1 P 0
L 3.5464568 4.4458662 3.6212599 4.4458662 1 P 0
L 3.5503937 1.0169241 3.5503937 1.1586564 1 P 0
L 3.5503937 1.0169241 3.7984252 1.0169241 1 P 0
L 3.5503937 1.1586564 3.7984252 1.1586564 1 P 0
L 3.5503937 1.7058622 3.5503937 1.8475945 1 P 0
L 3.5503937 1.7058622 3.7984252 1.7058622 1 P 0
L 3.5503937 1.8475945 3.7984252 1.8475945 1 P 0
L 3.5503937 2.3948001 3.5503937 2.5365324 1 P 0
L 3.5503937 2.3948001 3.7984252 2.3948001 1 P 0
L 3.5503937 2.5365324 3.7984252 2.5365324 1 P 0
L 3.5503937 3.0837382 3.5503937 3.2254705 1 P 0
L 3.5503937 3.0837382 3.7984252 3.0837382 1 P 0
L 3.5503937 3.2254705 3.7984252 3.2254705 1 P 0
L 3.5503937 3.7726761 3.5503937 3.9144084 1 P 0
L 3.5503937 3.7726761 3.7984252 3.7726761 1 P 0
L 3.5503937 3.9144084 3.7984252 3.9144084 1 P 0
L 3.5503937 4.4616141 3.5503937 4.6033464 1 P 0
L 3.5503937 4.4616141 3.7984252 4.4616141 1 P 0
L 3.5503937 4.6033464 3.7984252 4.6033464 1 P 0
L 3.5551181 0.8070865 3.5944882 0.8070865 2 P 0
L 3.5610237 4.3287401 3.5610237 4.4192913 1 P 0
L 3.5610237 4.6062992 3.5610237 4.7401575 1 P 0
L 3.5610237 4.6062992 3.6358268 4.6062992 1 P 0
L 3.5610237 4.7401575 3.6358268 4.7401575 1 P 0
L 3.5641733 0.934247 3.6035434 0.934247 2 P 0
L 3.5641733 1.623185 3.6035434 1.623185 2 P 0
L 3.5641733 2.312123 3.6035434 2.312123 2 P 0
L 3.5641733 3.001061 3.6035434 3.001061 2 P 0
L 3.5641733 3.689999 3.6035434 3.689999 2 P 0
L 3.5641733 4.378937 3.6035434 4.378937 2 P 0
L 3.5688978 3.9488189 3.5688978 4.0826772 1 P 0
L 3.5688978 3.9488189 3.6437009 3.9488189 1 P 0
L 3.5688978 4.0826772 3.6437009 4.0826772 1 P 0
L 3.5748032 0.7874014 3.5748032 0.8267715 2 P 0
L 3.5748032 1.1141732 3.6141733 1.1141732 2 P 0
L 3.5787402 4.6732283 3.6181103 4.6732283 2 P 0
L 3.5838583 0.914562 3.5838583 0.9539321 2 P 0
L 3.5838583 1.6035 3.5838583 1.6428701 2 P 0
L 3.5838583 2.292438 3.5838583 2.3318081 2 P 0
L 3.5838583 2.981376 3.5838583 3.0207461 2 P 0
L 3.5838583 3.670314 3.5838583 3.7096841 2 P 0
L 3.5838583 4.359252 3.5838583 4.3986221 2 P 0
L 3.5866142 0.9527559 3.6259843 0.9527559 2 P 0
L 3.5866143 4.015748 3.6259844 4.015748 2 P 0
L 3.5905513 1.035433 3.6299214 1.035433 2 P 0
L 3.5944882 1.0944882 3.5944882 1.1338582 2 P 0
L 3.5984252 4.6535433 3.5984252 4.6929134 2 P 0
L 3.6062993 0.9330708 3.6062993 0.9724409 2 P 0
L 3.6062993 3.996063 3.6062993 4.0354331 2 P 0
L 3.6102363 1.015748 3.6102363 1.055118 2 P 0
L 3.6200787 0.3051181 3.6200787 0.5216535 1 P 0
L 3.6200788 0.7145668 3.6200788 0.8996062 1 P 0
L 3.6212599 0.8673179 3.6212599 1.0011762 1 P 0
L 3.6212599 1.5562559 3.6212599 1.6901142 1 P 0
L 3.6212599 2.2451939 3.6212599 2.3790522 1 P 0
L 3.6212599 2.9341319 3.6212599 3.0679902 1 P 0
L 3.6212599 3.6230699 3.6212599 3.7569282 1 P 0
L 3.6212599 4.3120079 3.6212599 4.4458662 1 P 0
L 3.6279528 0.7106299 3.6279528 0.8956693 1 P 0
L 3.6279528 0.7106299 3.718504 0.7106299 1 P 0
L 3.6279528 0.8956693 3.718504 0.8956693 1 P 0
L 3.6358268 4.6062992 3.6358268 4.7401575 1 P 0
L 3.6358269 0.562992 3.6358269 0.6968503 1 P 0
L 3.6358269 0.562992 3.71063 0.562992 1 P 0
L 3.6358269 0.6968503 3.71063 0.6968503 1 P 0
L 3.6437007 0.3051181 3.6437007 0.5216535 1 P 0
L 3.6437007 0.3051181 3.9389763 0.3051181 1 P 0
L 3.6437007 0.5216535 3.9389763 0.5216535 1 P 0
L 3.6437009 3.9488189 3.6437009 4.0826772 1 P 0
L 3.6468505 0.8535383 3.6468505 0.9283415 1 P 0
L 3.6468505 0.8535383 3.7807088 0.8535383 1 P 0
L 3.6468505 0.9283415 3.7807088 0.9283415 1 P 0
L 3.6468505 1.5424763 3.6468505 1.6172795 1 P 0
L 3.6468505 1.5424763 3.7807088 1.5424763 1 P 0
L 3.6468505 1.6172795 3.7807088 1.6172795 1 P 0
L 3.6468505 2.2314143 3.6468505 2.3062175 1 P 0
L 3.6468505 2.2314143 3.7807088 2.2314143 1 P 0
L 3.6468505 2.3062175 3.7807088 2.3062175 1 P 0
L 3.6468505 2.9203523 3.6468505 2.9951555 1 P 0
L 3.6468505 2.9203523 3.7807088 2.9203523 1 P 0
L 3.6468505 2.9951555 3.7807088 2.9951555 1 P 0
L 3.6468505 3.6092903 3.6468505 3.6840935 1 P 0
L 3.6468505 3.6092903 3.7807088 3.6092903 1 P 0
L 3.6468505 3.6840935 3.7807088 3.6840935 1 P 0
L 3.6468505 4.2982283 3.6468505 4.3730315 1 P 0
L 3.6468505 4.2982283 3.7807088 4.2982283 1 P 0
L 3.6468505 4.3730315 3.7807088 4.3730315 1 P 0
L 3.6535433 0.8031496 3.6929134 0.8031496 2 P 0
L 3.6535434 0.6299212 3.6929135 0.6299212 2 P 0
L 3.6547244 1.0877902 3.6940945 1.0877902 2 P 0
L 3.6547244 1.7767283 3.6940945 1.7767283 2 P 0
L 3.6547244 2.4656662 3.6940945 2.4656662 2 P 0
L 3.6547244 3.1546043 3.6940945 3.1546043 2 P 0
L 3.6547244 3.8435422 3.6940945 3.8435422 2 P 0
L 3.6547244 4.5324802 3.6940945 4.5324802 2 P 0
L 3.6586614 1.188184 3.6586614 1.2629872 1 P 0
L 3.6586614 1.188184 3.7925197 1.188184 1 P 0
L 3.6586614 1.2629872 3.7925197 1.2629872 1 P 0
L 3.6586614 1.877122 3.6586614 1.9519252 1 P 0
L 3.6586614 1.877122 3.7925197 1.877122 1 P 0
L 3.6586614 1.9519252 3.7925197 1.9519252 1 P 0
L 3.6586614 2.56606 3.6586614 2.6408632 1 P 0
L 3.6586614 2.56606 3.7925197 2.56606 1 P 0
L 3.6586614 2.6408632 3.7925197 2.6408632 1 P 0
L 3.6586614 3.254998 3.6586614 3.3298012 1 P 0
L 3.6586614 3.254998 3.7925197 3.254998 1 P 0
L 3.6586614 3.3298012 3.7925197 3.3298012 1 P 0
L 3.6586614 3.943936 3.6586614 4.0187392 1 P 0
L 3.6586614 3.943936 3.7925197 3.943936 1 P 0
L 3.6586614 4.0187392 3.7925197 4.0187392 1 P 0
L 3.6586614 4.632874 3.6586614 4.7076772 1 P 0
L 3.6586614 4.632874 3.7925197 4.632874 1 P 0
L 3.6586614 4.7076772 3.7925197 4.7076772 1 P 0
L 3.6614174 1.0767716 3.6614174 1.1515748 1 P 0
L 3.6732284 0.6102361 3.6732284 0.6496062 2 P 0
L 3.6732284 0.7834645 3.6732284 0.8228346 2 P 0
L 3.6732284 0.9153543 3.6732284 0.9901574 1 P 0
L 3.6744095 1.0681052 3.6744095 1.1074753 2 P 0
L 3.6744095 1.7570433 3.6744095 1.7964134 2 P 0
L 3.6744095 2.4459812 3.6744095 2.4853513 2 P 0
L 3.6744095 3.1349193 3.6744095 3.1742894 2 P 0
L 3.6744095 3.8238572 3.6744095 3.8632273 2 P 0
L 3.6744095 4.5127952 3.6744095 4.5521653 2 P 0
L 3.6771655 0.9980314 3.6771655 1.0728346 1 P 0
L 3.6940946 0.8909399 3.7334647 0.8909399 2 P 0
L 3.6940946 1.5798779 3.7334647 1.5798779 2 P 0
L 3.6940946 2.2688159 3.7334647 2.2688159 2 P 0
L 3.6940946 2.9577539 3.7334647 2.9577539 2 P 0
L 3.6940946 3.6466919 3.7334647 3.6466919 2 P 0
L 3.6940946 4.3356299 3.7334647 4.3356299 2 P 0
L 3.7059055 1.2255856 3.7452756 1.2255856 2 P 0
L 3.7059055 1.9145236 3.7452756 1.9145236 2 P 0
L 3.7059055 2.6034616 3.7452756 2.6034616 2 P 0
L 3.7059055 3.2923996 3.7452756 3.2923996 2 P 0
L 3.7059055 3.9813376 3.7452756 3.9813376 2 P 0
L 3.7059055 4.6702756 3.7452756 4.6702756 2 P 0
L 3.7067717 0.0174803 3.7067717 0.1174803 4 P 0
L 3.7067717 0.1174803 3.7067717 0.2974803 4 P 0
L 3.71063 0.562992 3.71063 0.6968503 1 P 0
L 3.7137797 0.8712549 3.7137797 0.9106249 2 P 0
L 3.7137797 1.5601929 3.7137797 1.5995629 2 P 0
L 3.7137797 2.2491309 3.7137797 2.2885009 2 P 0
L 3.7137797 2.9380689 3.7137797 2.9774389 2 P 0
L 3.7137797 3.6270069 3.7137797 3.6663769 2 P 0
L 3.7137797 4.3159449 3.7137797 4.3553149 2 P 0
L 3.718504 0.7106299 3.718504 0.8956693 1 P 0
L 3.7255906 1.2059006 3.7255906 1.2452706 2 P 0
L 3.7255906 1.8948386 3.7255906 1.9342086 2 P 0
L 3.7255906 2.5837766 3.7255906 2.6231466 2 P 0
L 3.7255906 3.2727146 3.7255906 3.3120846 2 P 0
L 3.7255906 3.9616526 3.7255906 4.0010226 2 P 0
L 3.7255906 4.6505906 3.7255906 4.6899606 2 P 0
L 3.726378 0.9625984 3.726378 1.0531496 1 P 0
L 3.726378 0.9625984 3.9114174 0.9625984 1 P 0
L 3.726378 1.0531496 3.9114174 1.0531496 1 P 0
L 3.7716534 0.4133858 3.8110235 0.4133858 2 P 0
L 3.7807088 0.8535383 3.7807088 0.9283415 1 P 0
L 3.7807088 1.5424763 3.7807088 1.6172795 1 P 0
L 3.7807088 2.2314143 3.7807088 2.3062175 1 P 0
L 3.7807088 2.9203523 3.7807088 2.9951555 1 P 0
L 3.7807088 3.6092903 3.7807088 3.6840935 1 P 0
L 3.7807088 4.2982283 3.7807088 4.3730315 1 P 0
L 3.7913385 0.3937008 3.7913385 0.4330708 2 P 0
L 3.7925197 1.188184 3.7925197 1.2629872 1 P 0
L 3.7925197 1.877122 3.7925197 1.9519252 1 P 0
L 3.7925197 2.56606 3.7925197 2.6408632 1 P 0
L 3.7925197 3.254998 3.7925197 3.3298012 1 P 0
L 3.7925197 3.943936 3.7925197 4.0187392 1 P 0
L 3.7925197 4.632874 3.7925197 4.7076772 1 P 0
L 3.7984252 1.0169241 3.7984252 1.1586564 1 P 0
L 3.7984252 1.7058622 3.7984252 1.8475945 1 P 0
L 3.7984252 2.3948001 3.7984252 2.5365324 1 P 0
L 3.7984252 3.0837382 3.7984252 3.2254705 1 P 0
L 3.7984252 3.7726761 3.7984252 3.9144084 1 P 0
L 3.7984252 4.4616141 3.7984252 4.6033464 1 P 0
L 3.7992127 1.007874 3.8385828 1.007874 2 P 0
L 3.8082678 0.8535383 3.8082678 0.9283415 1 P 0
L 3.8082678 0.8535383 3.9421261 0.8535383 1 P 0
L 3.8082678 0.9283415 3.9421261 0.9283415 1 P 0
L 3.8082678 1.5424763 3.8082678 1.6172795 1 P 0
L 3.8082678 1.5424763 3.9421261 1.5424763 1 P 0
L 3.8082678 1.6172795 3.9421261 1.6172795 1 P 0
L 3.8082678 2.2314143 3.8082678 2.3062175 1 P 0
L 3.8082678 2.2314143 3.9421261 2.2314143 1 P 0
L 3.8082678 2.3062175 3.9421261 2.3062175 1 P 0
L 3.8082678 2.9203523 3.8082678 2.9951555 1 P 0
L 3.8082678 2.9203523 3.9421261 2.9203523 1 P 0
L 3.8082678 2.9951555 3.9421261 2.9951555 1 P 0
L 3.8082678 3.6092903 3.8082678 3.6840935 1 P 0
L 3.8082678 3.6092903 3.9421261 3.6092903 1 P 0
L 3.8082678 3.6840935 3.9421261 3.6840935 1 P 0
L 3.8082678 4.2982283 3.8082678 4.3730315 1 P 0
L 3.8082678 4.2982283 3.9421261 4.2982283 1 P 0
L 3.8082678 4.3730315 3.9421261 4.3730315 1 P 0
L 3.8102363 0.9618061 3.8102363 1.0956644 1 P 0
L 3.8102363 0.9618061 3.8850395 0.9618061 1 P 0
L 3.8102363 1.0956644 3.8850395 1.0956644 1 P 0
L 3.8102363 1.6507441 3.8102363 1.7846024 1 P 0
L 3.8102363 1.6507441 3.8850395 1.6507441 1 P 0
L 3.8102363 1.7846024 3.8850395 1.7846024 1 P 0
L 3.8102363 2.3396821 3.8102363 2.4735404 1 P 0
L 3.8102363 2.3396821 3.8850395 2.3396821 1 P 0
L 3.8102363 2.4735404 3.8850395 2.4735404 1 P 0
L 3.8102363 3.0286201 3.8102363 3.1624784 1 P 0
L 3.8102363 3.0286201 3.8850395 3.0286201 1 P 0
L 3.8102363 3.1624784 3.8850395 3.1624784 1 P 0
L 3.8102363 3.7175581 3.8102363 3.8514164 1 P 0
L 3.8102363 3.7175581 3.8850395 3.7175581 1 P 0
L 3.8102363 3.8514164 3.8850395 3.8514164 1 P 0
L 3.8102363 4.4064961 3.8102363 4.5403544 1 P 0
L 3.8102363 4.4064961 3.8850395 4.4064961 1 P 0
L 3.8102363 4.5403544 3.8850395 4.5403544 1 P 0
L 3.8181103 1.1192863 3.8181103 1.2531446 1 P 0
L 3.8181103 1.1192863 3.8929135 1.1192863 1 P 0
L 3.8181103 1.2531446 3.8929135 1.2531446 1 P 0
L 3.8181103 1.8082243 3.8181103 1.9420826 1 P 0
L 3.8181103 1.8082243 3.8929135 1.8082243 1 P 0
L 3.8181103 1.9420826 3.8929135 1.9420826 1 P 0
L 3.8181103 2.4971623 3.8181103 2.6310206 1 P 0
L 3.8181103 2.4971623 3.8929135 2.4971623 1 P 0
L 3.8181103 2.6310206 3.8929135 2.6310206 1 P 0
L 3.8181103 3.1861003 3.8181103 3.3199586 1 P 0
L 3.8181103 3.1861003 3.8929135 3.1861003 1 P 0
L 3.8181103 3.3199586 3.8929135 3.3199586 1 P 0
L 3.8181103 3.8750383 3.8181103 4.0088966 1 P 0
L 3.8181103 3.8750383 3.8929135 3.8750383 1 P 0
L 3.8181103 4.0088966 3.8929135 4.0088966 1 P 0
L 3.8181103 4.5639763 3.8181103 4.6978346 1 P 0
L 3.8181103 4.5639763 3.8929135 4.5639763 1 P 0
L 3.8181103 4.6978346 3.8929135 4.6978346 1 P 0
L 3.8188977 0.9881889 3.8188977 1.027559 2 P 0
L 3.8279529 1.0287352 3.8673229 1.0287352 2 P 0
L 3.8279529 1.7176732 3.8673229 1.7176732 2 P 0
L 3.8279529 2.4066112 3.8673229 2.4066112 2 P 0
L 3.8279529 3.0955492 3.8673229 3.0955492 2 P 0
L 3.8279529 3.7844872 3.8673229 3.7844872 2 P 0
L 3.8279529 4.4734252 3.8673229 4.4734252 2 P 0
L 3.8310237 0.0174803 3.8310237 0.2974803 4 P 0
L 3.8310237 0.0174803 4.6910237 0.0174803 4 P 0
L 3.8310237 0.2974803 4.6910237 0.2974803 4 P 0
L 3.8358269 1.1862155 3.8751969 1.1862155 2 P 0
L 3.8358269 1.8751535 3.8751969 1.8751535 2 P 0
L 3.8358269 2.5640915 3.8751969 2.5640915 2 P 0
L 3.8358269 3.2530295 3.8751969 3.2530295 2 P 0
L 3.8358269 3.9419675 3.8751969 3.9419675 2 P 0
L 3.8358269 4.6309055 3.8751969 4.6309055 2 P 0
L 3.8476379 1.0090502 3.8476379 1.0484203 2 P 0
L 3.8476379 1.6979882 3.8476379 1.7373583 2 P 0
L 3.8476379 2.3869262 3.8476379 2.4262963 2 P 0
L 3.8476379 3.0758642 3.8476379 3.1152343 2 P 0
L 3.8476379 3.7648022 3.8476379 3.8041723 2 P 0
L 3.8476379 4.4537402 3.8476379 4.4931103 2 P 0
L 3.8555119 0.8909399 3.894882 0.8909399 2 P 0
L 3.8555119 1.1665304 3.8555119 1.2059005 2 P 0
L 3.8555119 1.5798779 3.894882 1.5798779 2 P 0
L 3.8555119 1.8554684 3.8555119 1.8948385 2 P 0
L 3.8555119 2.2688159 3.894882 2.2688159 2 P 0
L 3.8555119 2.5444064 3.8555119 2.5837765 2 P 0
L 3.8555119 2.9577539 3.894882 2.9577539 2 P 0
L 3.8555119 3.2333444 3.8555119 3.2727145 2 P 0
L 3.8555119 3.6466919 3.894882 3.6466919 2 P 0
L 3.8555119 3.9222824 3.8555119 3.9616525 2 P 0
L 3.8555119 4.3356299 3.894882 4.3356299 2 P 0
L 3.8555119 4.6112204 3.8555119 4.6505905 2 P 0
L 3.8681103 1.5807086 3.8681103 1.765748 1 P 0
L 3.8681103 1.5807086 3.9586615 1.5807086 1 P 0
L 3.8681103 1.765748 3.9586615 1.765748 1 P 0
L 3.875197 0.8712549 3.875197 0.9106249 2 P 0
L 3.875197 1.5601929 3.875197 1.5995629 2 P 0
L 3.875197 2.2491309 3.875197 2.2885009 2 P 0
L 3.875197 2.9380689 3.875197 2.9774389 2 P 0
L 3.875197 3.6270069 3.875197 3.6663769 2 P 0
L 3.875197 4.3159449 3.875197 4.3553149 2 P 0
L 3.8850395 0.9618061 3.8850395 1.0956644 1 P 0
L 3.8850395 1.6507441 3.8850395 1.7846024 1 P 0
L 3.8850395 2.3396821 3.8850395 2.4735404 1 P 0
L 3.8850395 3.0286201 3.8850395 3.1624784 1 P 0
L 3.8850395 3.7175581 3.8850395 3.8514164 1 P 0
L 3.8850395 4.4064961 3.8850395 4.5403544 1 P 0
L 3.8929135 1.1192863 3.8929135 1.2531446 1 P 0
L 3.8929135 1.8082243 3.8929135 1.9420826 1 P 0
L 3.8929135 2.4971623 3.8929135 2.6310206 1 P 0
L 3.8929135 3.1861003 3.8929135 3.3199586 1 P 0
L 3.8929135 3.8750383 3.8929135 4.0088966 1 P 0
L 3.8929135 4.5639763 3.8929135 4.6978346 1 P 0
L 3.8937008 1.6732283 3.9330709 1.6732283 2 P 0
L 3.9114174 0.9625984 3.9114174 1.0531496 1 P 0
L 3.9133859 1.6535432 3.9133859 1.6929133 2 P 0
L 3.9389763 0.3051181 3.9389763 0.5216535 1 P 0
L 3.9421261 0.8535383 3.9421261 0.9283415 1 P 0
L 3.9421261 1.5424763 3.9421261 1.6172795 1 P 0
L 3.9421261 2.2314143 3.9421261 2.3062175 1 P 0
L 3.9421261 2.9203523 3.9421261 2.9951555 1 P 0
L 3.9421261 3.6092903 3.9421261 3.6840935 1 P 0
L 3.9421261 4.2982283 3.9421261 4.3730315 1 P 0
L 3.9499606 1.1581159 3.9499606 1.5635475 3 P 0
L 3.9586615 1.5807086 3.9586615 1.765748 1 P 0
L 3.96063 4.6476377 3.96063 4.7224409 1 P 0
L 3.96063 4.6476377 4.0944883 4.6476377 1 P 0
L 3.96063 4.7224409 4.0944883 4.7224409 1 P 0
L 3.9625983 0.3051181 3.9625983 0.5216535 1 P 0
L 3.9625983 0.3051181 4.2578739 0.3051181 1 P 0
L 3.9625983 0.5216535 4.2578739 0.5216535 1 P 0
L 3.9625985 1.0413385 3.9625985 1.2263779 1 P 0
L 3.9625985 1.0413385 4.0531497 1.0413385 1 P 0
L 3.9625985 1.2263779 4.0531497 1.2263779 1 P 0
L 3.984252 1.3464564 3.984252 1.4803147 1 P 0
L 3.984252 1.3464564 4.0590552 1.3464564 1 P 0
L 3.984252 1.4803147 4.0590552 1.4803147 1 P 0
L 3.9881891 1.1338582 4.0275592 1.1338582 2 P 0
L 3.9901576 1.9547242 3.9901576 2.0885825 1 P 0
L 3.9901576 1.9547242 4.0649608 1.9547242 1 P 0
L 3.9901576 2.0885825 4.0649608 2.0885825 1 P 0
L 3.9901576 2.6240156 3.9901576 2.7578739 1 P 0
L 3.9901576 2.6240156 4.0649608 2.6240156 1 P 0
L 3.9901576 2.7578739 4.0649608 2.7578739 1 P 0
L 3.9901576 3.2933069 3.9901576 3.4271652 1 P 0
L 3.9901576 3.2933069 4.0649608 3.2933069 1 P 0
L 3.9901576 3.4271652 4.0649608 3.4271652 1 P 0
L 3.9901576 3.9625983 3.9901576 4.0964566 1 P 0
L 3.9901576 3.9625983 4.0649608 3.9625983 1 P 0
L 3.9901576 4.0964566 4.0649608 4.0964566 1 P 0
L 4.0019686 1.4133856 4.0413386 1.4133856 2 P 0
L 4.0078741 1.1141732 4.0078741 1.1535433 2 P 0
L 4.0078741 4.6850393 4.0472442 4.6850393 2 P 0
L 4.0078742 2.0216534 4.0472442 2.0216534 2 P 0
L 4.0078742 2.6909448 4.0472442 2.6909448 2 P 0
L 4.0078742 3.3602361 4.0472442 3.3602361 2 P 0
L 4.0078742 4.0295275 4.0472442 4.0295275 2 P 0
L 4.0137795 3.519685 4.0137795 3.6062992 1 P 0
L 4.0137795 3.519685 4.1909449 3.519685 1 P 0
L 4.0137795 3.6062992 4.1909449 3.6062992 1 P 0
L 4.0216536 1.3937005 4.0216536 1.4330706 2 P 0
L 4.0275591 4.6653543 4.0275591 4.7047243 2 P 0
L 4.0275592 2.0019683 4.0275592 2.0413384 2 P 0
L 4.0275592 2.6712597 4.0275592 2.7106298 2 P 0
L 4.0275592 3.340551 4.0275592 3.3799211 2 P 0
L 4.0275592 4.0098424 4.0275592 4.0492125 2 P 0
L 4.0452757 1.4192913 4.0452757 1.6043307 1 P 0
L 4.0452757 1.4192913 4.1358269 1.4192913 1 P 0
L 4.0452757 1.6043307 4.1358269 1.6043307 1 P 0
L 4.0531497 1.0413385 4.0531497 1.2263779 1 P 0
L 4.0551181 3.7421259 4.0551181 3.9192913 1 P 0
L 4.0551181 3.7421259 4.1417323 3.7421259 1 P 0
L 4.0551181 3.9192913 4.1417323 3.9192913 1 P 0
L 4.0580709 1.1200785 4.0580709 1.2972439 1 P 0
L 4.0580709 1.1200785 4.1446851 1.1200785 1 P 0
L 4.0580709 1.2972439 4.1446851 1.2972439 1 P 0
L 4.0590552 1.3464564 4.0590552 1.4803147 1 P 0
L 4.0622049 4.4212598 4.0622049 4.5984252 1 P 0
L 4.0622049 4.4212598 4.1488191 4.4212598 1 P 0
L 4.0622049 4.5984252 4.1488191 4.5984252 1 P 0
L 4.0639765 1.7283463 4.0639765 1.9055117 1 P 0
L 4.0639765 1.7283463 4.1505907 1.7283463 1 P 0
L 4.0639765 1.9055117 4.1505907 1.9055117 1 P 0
L 4.0639765 2.3976377 4.0639765 2.5748031 1 P 0
L 4.0639765 2.3976377 4.1505907 2.3976377 1 P 0
L 4.0639765 2.5748031 4.1505907 2.5748031 1 P 0
L 4.0639765 3.066929 4.0639765 3.2440944 1 P 0
L 4.0639765 3.066929 4.1505907 3.066929 1 P 0
L 4.0639765 3.2440944 4.1505907 3.2440944 1 P 0
L 4.0649608 1.9547242 4.0649608 2.0885825 1 P 0
L 4.0649608 2.6240156 4.0649608 2.7578739 1 P 0
L 4.0649608 3.2933069 4.0649608 3.4271652 1 P 0
L 4.0649608 3.9625983 4.0649608 4.0964566 1 P 0
L 4.0708662 1.4566928 4.0708662 1.6338582 1 P 0
L 4.0708662 1.4566928 4.1574804 1.4566928 1 P 0
L 4.0708662 1.511811 4.1102363 1.511811 2 P 0
L 4.0708662 1.6338582 4.1574804 1.6338582 1 P 0
L 4.0708662 2.1259842 4.0708662 2.3031496 1 P 0
L 4.0708662 2.1259842 4.1574804 2.1259842 1 P 0
L 4.0708662 2.3031496 4.1574804 2.3031496 1 P 0
L 4.0708662 2.7952755 4.0708662 2.9724409 1 P 0
L 4.0708662 2.7952755 4.1574804 2.7952755 1 P 0
L 4.0708662 2.9724409 4.1574804 2.9724409 1 P 0
L 4.0787401 3.8307086 4.1181102 3.8307086 2 P 0
L 4.0787402 4.1515747 4.0787402 4.3287401 1 P 0
L 4.0787402 4.1515747 4.1653544 4.1515747 1 P 0
L 4.0787402 4.3287401 4.1653544 4.3287401 1 P 0
L 4.0816929 1.2086612 4.121063 1.2086612 2 P 0
L 4.0826772 3.5629921 4.1220472 3.5629921 2 P 0
L 4.0858269 4.5098425 4.125197 4.5098425 2 P 0
L 4.0875985 1.816929 4.1269686 1.816929 2 P 0
L 4.0875985 2.4862204 4.1269686 2.4862204 2 P 0
L 4.0875985 3.1555117 4.1269686 3.1555117 2 P 0
L 4.090551 0.4133858 4.1299211 0.4133858 2 P 0
L 4.0905513 1.4921259 4.0905513 1.531496 2 P 0
L 4.0944883 1.5452755 4.1338584 1.5452755 2 P 0
L 4.0944883 2.2145669 4.1338584 2.2145669 2 P 0
L 4.0944883 2.8838582 4.1338584 2.8838582 2 P 0
L 4.0944883 4.6476377 4.0944883 4.7224409 1 P 0
L 4.0984252 3.8110236 4.0984252 3.8503936 2 P 0
L 4.101378 1.1889762 4.101378 1.2283462 2 P 0
L 4.1023622 3.5433071 4.1023622 3.5826772 2 P 0
L 4.1023623 4.2401574 4.1417324 4.2401574 2 P 0
L 4.1043307 1.356299 4.1043307 1.4311022 1 P 0
L 4.1043307 1.356299 4.238189 1.356299 1 P 0
L 4.1043307 1.4311022 4.238189 1.4311022 1 P 0
L 4.105512 4.4901575 4.105512 4.5295275 2 P 0
L 4.1072836 1.797244 4.1072836 1.836614 2 P 0
L 4.1072836 2.4665354 4.1072836 2.5059054 2 P 0
L 4.1072836 3.1358267 4.1072836 3.1751967 2 P 0
L 4.1102361 0.3937008 4.1102361 0.4330708 2 P 0
L 4.1102363 1.9645668 4.1102363 2.03937 1 P 0
L 4.1102363 1.9645668 4.2440946 1.9645668 1 P 0
L 4.1102363 2.03937 4.2440946 2.03937 1 P 0
L 4.1102363 2.6338582 4.1102363 2.7086614 1 P 0
L 4.1102363 2.6338582 4.2440946 2.6338582 1 P 0
L 4.1102363 2.7086614 4.2440946 2.7086614 1 P 0
L 4.1102363 3.3031495 4.1102363 3.3779527 1 P 0
L 4.1102363 3.3031495 4.2440946 3.3031495 1 P 0
L 4.1102363 3.3779527 4.2440946 3.3779527 1 P 0
L 4.1141733 1.5255905 4.1141733 1.5649605 2 P 0
L 4.1141733 2.1948819 4.1141733 2.2342519 2 P 0
L 4.1141733 2.8641732 4.1141733 2.9035432 2 P 0
L 4.1220472 3.9350393 4.1220472 4.0098425 1 P 0
L 4.1220472 3.9350393 4.2559055 3.9350393 1 P 0
L 4.1220472 4.0098425 4.2559055 4.0098425 1 P 0
L 4.1220472 4.6437007 4.1220472 4.7185039 1 P 0
L 4.1220472 4.6437007 4.2559055 4.6437007 1 P 0
L 4.1220472 4.7185039 4.2559055 4.7185039 1 P 0
L 4.1220473 4.2204724 4.1220473 4.2598424 2 P 0
L 4.1279528 0.8582677 4.1279528 0.9448819 1 P 0
L 4.1279528 0.8582677 4.3051182 0.8582677 1 P 0
L 4.1279528 0.9448819 4.3051182 0.9448819 1 P 0
L 4.1358269 1.4192913 4.1358269 1.6043307 1 P 0
L 4.1417323 3.7421259 4.1417323 3.9192913 1 P 0
L 4.1446851 1.1200785 4.1446851 1.2972439 1 P 0
L 4.1488191 4.4212598 4.1488191 4.5984252 1 P 0
L 4.1505907 1.7283463 4.1505907 1.9055117 1 P 0
L 4.1505907 2.3976377 4.1505907 2.5748031 1 P 0
L 4.1505907 3.066929 4.1505907 3.2440944 1 P 0
L 4.1515748 1.3937006 4.1909449 1.3937006 2 P 0
L 4.1574804 1.4566928 4.1574804 1.6338582 1 P 0
L 4.1574804 2.0019684 4.1968505 2.0019684 2 P 0
L 4.1574804 2.1259842 4.1574804 2.3031496 1 P 0
L 4.1574804 2.6712598 4.1968505 2.6712598 2 P 0
L 4.1574804 2.7952755 4.1574804 2.9724409 1 P 0
L 4.1574804 3.3405511 4.1968505 3.3405511 2 P 0
L 4.1633859 0.3051181 4.1633859 0.5216535 1 P 0
L 4.1633859 0.3051181 4.4586615 0.3051181 1 P 0
L 4.1633859 0.5216535 4.4586615 0.5216535 1 P 0
L 4.1653544 4.1515747 4.1653544 4.3287401 1 P 0
L 4.1692913 3.9724409 4.2086614 3.9724409 2 P 0
L 4.1692913 4.6811023 4.2086614 4.6811023 2 P 0
L 4.1712599 1.3740156 4.1712599 1.4133856 2 P 0
L 4.1771655 1.9822834 4.1771655 2.0216534 2 P 0
L 4.1771655 2.6515748 4.1771655 2.6909448 2 P 0
L 4.1771655 3.3208661 4.1771655 3.3602361 2 P 0
L 4.1889764 3.9527559 4.1889764 3.9921259 2 P 0
L 4.1889764 4.6614173 4.1889764 4.7007873 2 P 0
L 4.1909449 3.519685 4.1909449 3.6062992 1 P 0
L 4.1968505 0.9015748 4.2362205 0.9015748 2 P 0
L 4.2165355 0.8818898 4.2165355 0.9212599 2 P 0
L 4.238189 1.356299 4.238189 1.4311022 1 P 0
L 4.2410237 0.1574803 4.2810237 0.1574803 4 P 0
L 4.2440946 1.9645668 4.2440946 2.03937 1 P 0
L 4.2440946 2.6338582 4.2440946 2.7086614 1 P 0
L 4.2440946 3.3031495 4.2440946 3.3779527 1 P 0
L 4.2559055 3.9350393 4.2559055 4.0098425 1 P 0
L 4.2559055 4.6437007 4.2559055 4.7185039 1 P 0
L 4.2578739 0.3051181 4.2578739 0.5216535 1 P 0
L 4.2610237 0.1374803 4.2610237 0.1774803 4 P 0
L 4.2667322 0.9527557 4.2667322 1.4724407 1 P 0
L 4.2667322 0.9527557 4.9242126 0.9527557 1 P 0
L 4.2667322 1.4724407 4.9242126 1.4724407 1 P 0
L 4.2708662 4.253937 4.2708662 4.773622 1 P 0
L 4.2708662 4.253937 4.9283466 4.253937 1 P 0
L 4.2708662 4.773622 4.9283466 4.773622 1 P 0
L 4.2726378 1.5610235 4.2726378 2.0807085 1 P 0
L 4.2726378 1.5610235 4.9301182 1.5610235 1 P 0
L 4.2726378 2.0807085 4.9301182 2.0807085 1 P 0
L 4.2726378 2.2303148 4.2726378 2.7499998 1 P 0
L 4.2726378 2.2303148 4.9301182 2.2303148 1 P 0
L 4.2726378 2.7499998 4.9301182 2.7499998 1 P 0
L 4.2726378 2.8996061 4.2726378 3.4192911 1 P 0
L 4.2726378 2.8996061 4.9301182 2.8996061 1 P 0
L 4.2726378 3.4192911 4.9301182 3.4192911 1 P 0
L 4.2726378 3.5688975 4.2726378 4.0885825 1 P 0
L 4.2726378 3.5688975 4.9301182 3.5688975 1 P 0
L 4.2726378 4.0885825 4.9301182 4.0885825 1 P 0
L 4.2874016 0.4192913 4.2874016 0.8405511 1 P 0
L 4.2874016 0.4192913 4.8070867 0.4192913 1 P 0
L 4.2874016 0.8405511 4.8070867 0.8405511 1 P 0
L 4.2913386 0.4133858 4.3307087 0.4133858 2 P 0
L 4.3051182 0.8582677 4.3051182 0.9448819 1 P 0
L 4.3110237 0.3937008 4.3110237 0.4330708 2 P 0
L 4.4586615 0.3051181 4.4586615 0.5216535 1 P 0
L 4.5314961 1.2125982 4.5708661 1.2125982 2 P 0
L 4.5356301 4.5137795 4.5750001 4.5137795 2 P 0
L 4.5374017 1.820866 4.5767717 1.820866 2 P 0
L 4.5374017 2.4901573 4.5767717 2.4901573 2 P 0
L 4.5374017 3.1594486 4.5767717 3.1594486 2 P 0
L 4.5374017 3.82874 4.5767717 3.82874 2 P 0
L 4.5472442 0.6299212 4.5866142 0.6299212 2 P 0
L 4.5511811 1.1929132 4.5511811 1.2322832 2 P 0
L 4.5553151 4.4940945 4.5553151 4.5334645 2 P 0
L 4.5570867 1.801181 4.5570867 1.840551 2 P 0
L 4.5570867 2.4704723 4.5570867 2.5098423 2 P 0
L 4.5570867 3.1397636 4.5570867 3.1791336 2 P 0
L 4.5570867 3.809055 4.5570867 3.848425 2 P 0
L 4.5669292 0.6102362 4.5669292 0.6496062 2 P 0
L 4.6910237 0.0174803 4.6910237 0.1174803 4 P 0
L 4.6910237 0.1174803 4.6910237 0.2974803 4 P 0
L 4.8070867 0.4192913 4.8070867 0.8405511 1 P 0
L 4.9242126 0.9527557 4.9242126 1.4724407 1 P 0
L 4.9283466 4.253937 4.9283466 4.773622 1 P 0
L 4.9301182 1.5610235 4.9301182 2.0807085 1 P 0
L 4.9301182 2.2303148 4.9301182 2.7499998 1 P 0
L 4.9301182 2.8996061 4.9301182 3.4192911 1 P 0
L 4.9301182 3.5688975 4.9301182 4.0885825 1 P 0
